customer_id,age,sex,marital_status,dependents,education_level,employment_status,annual_income,residential_status,years_with_bank,num_active_accounts,avg_balance,total_deposits,transaction_frequency,digital_ratio,credit_utilization,overdraft_count,fee_revenue,credit_score,open_credit_lines,delinquency_count,total_loan_amount,ltv_ratio,ever_defaulted,branch_visits,call_center_calls,complaints,digital_logins,rfm_score,cross_sell_index,churn_risk_score,net_profit,profit_segment,is_profitable
CUST100000,32,Male,Divorced,1,College,Self-Employed,74901.42459033697,Other,3,5,3617.3569882881534,42953.77076201385,12,0.5904925124490397,0.6046059712816051,0,43.72759496072067,676.5846625276664,8,4,26586.304305081947,0.9158425631014784,1,6,13,1,114,5,5,0.8094304566778266,-1620.2521231915107,loss,0
CUST100001,18,Male,Widowed,2,Bachelor,Self-Employed,45915.76842195144,Owner,30,3,10425.600435859647,20731.646143750757,14,0.0927458433801479,0.2068540492859486,1,97.3809383006405,724.1962271566034,4,0,0.0,0.0,0,17,3,3,20,5,5,0.8294046642529949,2.1228168106810017,low_profit,1
CUST100002,64,Male,Single,0,College,Unemployed,43131.37412277082,Owner,27,2,0.0,36284.94665190548,13,0.3801262250391661,0.1183951848957577,7,292.4643468925249,558.7696298664708,5,2,196564.8768921554,0.5548447399026928,0,8,2,1,136,2,3,0.4622602118511157,272.9712560273224,low_profit,1
CUST100003,52,Male,Divorced,0,College,Employed,17257.5544135963,Renter,12,3,0.0,32218.45179419732,9,0.2109828435863264,0.0698012845155394,9,366.8086625422358,737.5698018345672,10,3,0.0,0.0,0,20,14,1,67,2,4,0.7449889820916066,-621.7670240486265,loss,0
CUST100004,51,Female,Widowed,2,College,Self-Employed,41948.80163311809,Other,15,1,23522.78184508938,29730.05550524132,97,0.0471163754247345,0.0884578142088199,1,58.52481353797266,782.2544912103189,10,3,0.0,0.0,0,12,12,3,135,3,9,0.8607797022344981,-302.6878800434195,loss,0
CUST100005,19,Male,Divorced,5,Bachelor,Employed,1209.8962836067294,Renter,13,2,0.0,33937.22471738247,59,0.0032453161017292,0.4476933159990821,4,291.2679637652175,717.1368281189971,8,0,38435.171761175945,0.5397792608821422,0,9,6,1,95,2,9,0.9534997476535028,-64.9764118514127,loss,0
CUST100006,85,Male,Divorced,3,High School,Employed,38404.67374815874,Renter,28,3,393.6122904021249,51142.44452437831,31,0.0579251664941875,0.3687236579136922,9,327.3561404903952,523.6959844637266,7,0,82408.3969394795,0.5229835439167366,0,17,4,1,168,4,9,0.1651269589741276,795.6851804983409,medium_profit,1
CUST100007,85,Female,Married,4,College,Unemployed,78350.28866522603,Renter,21,3,15309.99522495951,48625.60238232397,57,0.8996140846429455,0.1321564953554722,7,228.40976111709008,669.0787624148785,5,0,83126.34314035639,0.7951090254244718,0,7,7,0,18,1,4,0.0674003281103075,1063.4249426572949,high_profit,1
CUST100008,22,Female,Single,4,College,Unemployed,54430.230700085485,Other,15,2,0.0,6075.867518386585,70,0.132311848725025,0.4625051644788396,9,325.45849695402586,835.6240028570824,7,3,42798.98784196661,0.8007065795784049,0,3,13,2,108,4,8,0.8638367483696032,-259.7024415211635,loss,0
CUST100009,24,Male,Single,3,Bachelor,Employed,40646.40736184627,Owner,6,2,8613.95605508414,60760.73132931939,69,0.4486135478331319,0.2928347921780097,6,253.53489582742748,850.0,1,3,0.0,0.0,0,17,3,0,166,5,1,0.9689962572847513,-418.6572034763743,loss,0
CUST100010,48,Male,Widowed,3,Master,Self-Employed,62611.41204714514,Renter,28,1,2009.926495341325,31835.215530710047,22,0.3789731189769161,0.0,6,322.726303880043,678.0328112162488,7,2,85711.25715117465,0.8955788089483032,0,17,15,1,48,3,4,0.9687093649691588,-267.47248030529425,loss,0
CUST100011,25,Female,Single,0,PhD,Retired,35745.19191320437,Other,29,5,0.0,48308.04235404148,21,0.0568795797286845,0.3657502219319369,8,243.5739094153916,647.0239796232961,9,0,101326.7433113356,0.619415509869608,0,7,12,0,145,2,10,0.5945191535334412,1140.7885226684532,high_profit,1
CUST100012,28,Female,Divorced,2,College,Unemployed,38938.40718367943,Owner,8,4,1723.378534022318,22157.83693735685,17,0.6716902229599713,0.0072970103735762,4,304.0926492439209,729.6120277064576,1,0,76105.52721798893,0.6010226913284922,0,18,3,0,137,2,9,0.2652004147504013,607.9809930578166,medium_profit,1
CUST100013,62,Male,Married,2,Bachelor,Self-Employed,17538.877738487572,Renter,26,5,793.5467723464099,23145.70966946461,91,0.3025171429788899,0.1395445461556761,10,436.46671000274375,683.8714288333991,8,2,90405.08568145384,0.977237180242106,0,3,4,2,29,1,9,0.1554479097749904,832.0681308670322,medium_profit,1
CUST100014,54,Male,Divorced,1,Bachelor,Retired,67726.51172168294,Renter,28,1,4255.540842338328,0.0,12,0.6342844473091942,0.2946972249101566,4,168.4747781929796,706.0230209941027,2,5,296324.2112485286,0.5615278070437755,0,5,14,3,143,1,2,0.075243860073767,-421.0003548087319,loss,0
CUST100015,37,Male,Divorced,4,PhD,Self-Employed,58958.646908842704,Renter,4,1,0.0,52856.45629030041,40,0.364651515327256,0.4503866065373548,0,42.01530766795081,779.1031947043047,3,5,0.0,0.0,0,17,13,1,60,2,3,0.8814162046633244,-1224.175285567649,loss,0
CUST100016,21,Male,Divorced,3,College,Unemployed,17944.468116231576,Owner,25,1,10868.570938002704,73809.11251619957,49,0.8721667829060897,0.1018927349738623,7,353.8876813475823,643.3702270397227,7,2,59965.13650876413,0.4993048691767601,0,7,7,0,168,2,7,0.3282619511977065,364.9399064117881,low_profit,1
CUST100017,26,Female,Divorced,5,PhD,Retired,62056.88924418082,Other,26,5,0.0,39471.84861270363,43,0.9392371403247156,0.1161151531532393,1,86.01342339379764,850.0,9,2,0.0,0.0,1,19,13,2,186,3,7,0.6062088533061433,-1159.4464172562282,loss,0
CUST100018,83,Male,Widowed,4,College,Unemployed,84405.51652109009,Owner,22,4,0.0,34549.19869208259,1,0.5199203485665854,0.5614285508564856,8,443.0011958326728,539.2516765438772,10,1,68463.38585323043,0.6519765588496846,0,2,10,2,169,1,5,0.5071225040352692,750.2100346915904,medium_profit,1
CUST100019,70,Female,Widowed,5,Bachelor,Self-Employed,22891.47867365754,Owner,13,4,0.0,40438.83131233795,87,0.74813456015889,0.3593969346466372,2,122.50027323214069,725.0492850345877,8,0,84644.82094969758,0.4639950556843017,0,6,13,2,119,4,8,0.6756272331900999,224.0288747429489,low_profit,1
CUST100020,83,Female,Married,5,High School,Unemployed,68792.17419896043,Other,21,5,0.0,67315.49022289514,43,0.0933872000755626,0.3947665841823575,3,140.11200331617266,580.8696502797352,3,1,115655.36086338296,0.4050636659545357,1,7,15,0,116,4,10,0.1944352367397093,-130.896520106231,loss,0
CUST100021,67,Female,Widowed,1,College,Employed,94757.86737022211,Owner,24,4,0.0,49267.52258488644,29,0.1758866817065316,0.3825561853872996,8,348.64514957261923,782.2060159994489,1,3,239679.29826539475,0.5509223767994259,0,14,10,3,156,5,7,0.830569169721415,-382.62880078936416,loss,0
CUST100022,75,Male,Widowed,3,Bachelor,Self-Employed,33314.5671112343,Other,8,5,0.0,28457.96581171792,63,0.6267484369817813,0.3682303949633287,4,260.3038762528074,727.6690799330019,3,2,132718.32490360236,0.6026003783755813,0,17,2,1,38,2,7,0.6939498122990523,162.350352645979,low_profit,1
CUST100023,45,Male,Widowed,3,Bachelor,Retired,52060.29500286132,Renter,1,2,32201.69166589619,42513.34695530013,54,0.3894768126669412,0.1285684887167434,9,314.0519743706545,592.9107501938888,9,3,98247.24152431852,0.5553074429348298,0,11,9,3,107,5,9,0.7998681709412677,43.01211603922423,low_profit,1
CUST100024,46,Female,Married,2,Master,Retired,74197.12873720634,Owner,12,3,4271.710873431272,13064.1256386319,86,0.6791418850283497,0.0,6,361.552015270149,655.3485047932979,2,4,135639.87943234725,0.6428187488260407,0,12,0,0,164,4,3,0.86685135559513,-591.3900720639818,loss,0
CUST100025,41,Male,Divorced,3,Bachelor,Self-Employed,65195.427775535456,Renter,10,3,8853.173797288367,12322.85127597734,98,0.8796399860018954,0.3307450211891056,4,296.46524997324593,705.8208718446,4,0,0.0,0.0,0,17,1,2,57,1,1,0.7542332040595262,228.16502373444231,low_profit,1
CUST100026,49,Male,Single,4,College,Self-Employed,76823.53579104703,Owner,15,1,15830.51243175277,51076.04104069806,73,0.9477570222166518,0.0244661264085817,7,377.34216765847873,606.2174960084877,2,4,101503.52672086598,0.7027571901824418,0,3,5,2,27,5,1,0.9288871684071216,-240.6580948577702,loss,0
CUST100027,66,Female,Married,0,PhD,Self-Employed,175581.94471964164,Owner,22,3,10708.90510693167,52711.31280361197,88,0.6004116148168441,0.4908003526986405,1,146.1487832394653,765.1391251305798,0,2,18473.07553596544,0.7517938440986535,0,11,2,2,3,4,8,0.1055388706439985,468.5743518682269,low_profit,1
CUST100028,64,Female,Married,3,College,Unemployed,52895.44179779974,Other,25,5,146.3645217089652,31637.48278772645,100,0.4834975038831961,0.7629317133347018,6,318.0389997179857,513.2734807408252,5,1,118626.01903745136,0.2774568257620696,0,2,8,3,62,4,10,0.6103317042305206,484.3095066768177,low_profit,1
CUST100029,66,Female,Single,3,Bachelor,Self-Employed,92668.517909021,Renter,6,3,5642.800190954627,8445.104441413878,34,0.3403388431642836,0.1569392581480063,9,343.3602526811351,767.9597748934676,0,4,0.0,0.0,0,2,7,3,125,5,4,0.690609339446523,-508.1281773976178,loss,0
CUST100030,80,Female,Single,0,Bachelor,Self-Employed,61367.155197114414,Renter,22,2,0.0,72878.8817865065,40,0.663960021596816,0.4267838044636022,5,254.8474106671298,497.48574133423926,6,5,68645.43147694276,0.4676427070463224,0,11,14,2,78,3,4,0.1206558847523058,-343.6267095526639,loss,0
CUST100031,42,Female,Single,5,PhD,Self-Employed,36224.37784701898,Owner,6,4,3852.6355853310097,40099.745579609145,36,0.7245850010930516,0.4731510388340243,8,443.8453853334868,579.9703592944223,3,2,16549.876415905164,0.5050109377678087,0,5,9,0,181,5,3,0.2743113267832673,194.30096498074988,low_profit,1
CUST100032,24,Female,Married,5,Master,Employed,112963.62720843292,Owner,18,3,9049.817109609556,4782.320913299096,61,0.478714208606398,0.4835723894109552,5,144.49352695621965,850.0,7,0,153246.5260551147,0.2961260068091972,0,12,15,0,147,1,3,0.1491975844736551,612.0078895467656,medium_profit,1
CUST100033,56,Male,Married,0,PhD,Retired,98007.33447559868,Other,19,5,0.0,38876.38856292457,29,0.7756935396982173,0.4549268106858674,6,265.5750686971909,607.3069528421917,9,3,44047.46439381999,0.0,0,19,1,0,195,2,4,0.2646461252900074,-48.61818773907223,loss,0
CUST100034,28,Male,Married,1,PhD,Employed,52422.95545820519,Owner,0,4,0.0,62648.22607863271,58,0.6893711357847689,0.0139717244078734,7,241.6833971433771,655.9955513303016,4,5,63074.057728609136,0.8882546578132231,0,2,7,2,160,5,4,0.4251389661042116,-1120.6355606864113,loss,0
CUST100035,46,Male,Divorced,1,High School,Employed,94894.91256464878,Owner,25,3,5102.330610195871,10369.826979040983,77,0.7489577220696233,0.3924206948526541,9,395.7380173418349,719.905969557347,7,5,0.0,0.0,0,12,8,3,112,1,10,0.039860784183613,31.709567016598506,low_profit,1
CUST100036,73,Female,Divorced,0,High School,Self-Employed,48440.59209414719,Other,26,5,6135.17345251248,43242.61349042093,76,0.9507862778063524,0.6172033632290704,10,447.3915214463877,576.2184501173151,2,3,263303.33746562665,0.2095824400954996,0,14,8,1,149,4,8,0.9690552360657037,173.65094555081595,low_profit,1
CUST100037,78,Female,Widowed,2,Bachelor,Employed,77649.5161945373,Owner,10,4,7809.918677350326,17546.00960358812,89,0.4954690209643377,0.2583755499285449,10,507.2325609039156,650.6999065341167,8,0,0.0,0.0,0,10,8,2,29,4,9,0.824927203268701,788.537268415314,medium_profit,1
CUST100038,18,Female,Widowed,0,College,Unemployed,70710.46457895142,Other,24,4,0.0,47991.997508665016,81,0.4420409557222614,0.3614599041753218,0,109.84392781706632,781.286211883896,4,3,112962.88419236123,0.4342009978155855,0,15,3,0,161,5,4,0.7097828251002591,-241.3732281935059,loss,0
CUST100039,57,Male,Widowed,0,College,Employed,82418.80815369786,Renter,30,1,11103.702654334647,29581.96812071704,83,0.8321431737689012,0.3234654766617564,7,298.6580262477445,827.7664895788425,4,3,0.0,0.0,0,15,7,3,141,2,7,0.1906103709479283,347.2651782481785,low_profit,1
CUST100040,83,Male,Single,2,Master,Unemployed,53934.22042698318,Other,8,1,2823.187967727797,51975.5370397438,37,0.7260509826135325,0.4650832697976059,9,409.1812551604902,781.3509636000639,2,3,180547.88071543293,0.6042007683265518,0,11,10,3,116,3,4,0.9807746313325943,-614.417486465275,loss,0
CUST100041,48,Female,Married,3,High School,Unemployed,50691.99730219632,Other,15,4,8241.663524884421,27397.138912646307,50,0.9884140019393624,0.3193991929985436,10,447.1475437892632,759.5157025436913,0,1,0.0,0.0,0,18,10,0,112,1,9,0.910441677696467,875.9294278780064,medium_profit,1
CUST100042,19,Male,Widowed,5,College,Employed,29819.47855500894,Renter,25,3,0.0,53162.21747000136,44,0.623259400521998,0.4583325387925872,6,359.3432576248946,762.4119817052156,10,4,112834.550926428,0.5975506454306171,0,10,15,0,158,1,4,0.6311610168546405,-365.868646544583,loss,0
CUST100043,54,Male,Single,3,High School,Employed,62274.13674581179,Renter,5,3,0.0,49502.394668355024,4,0.0459909686772127,0.2705885236995722,0,74.96821795506297,617.4502803207488,2,1,17861.415834700656,0.6825862908551248,0,18,5,1,44,1,10,0.8708395986448548,-380.9223551823477,loss,0
CUST100044,48,Female,Married,1,Master,Unemployed,35333.38813300706,Renter,8,1,7436.872114919122,34899.33142217446,60,0.901209423598883,0.198611364925774,10,319.43219381677744,652.8961694381677,5,4,73204.99373576362,0.3103831317005351,0,13,8,3,77,2,7,0.8533354586601858,-1109.657459957237,loss,0
CUST100045,31,Male,Widowed,4,Bachelor,Unemployed,38446.67336242692,Other,9,1,2865.5284828815275,36218.15131196009,85,0.3958057409113673,0.5950712433899104,0,137.15989854680242,785.7659623202019,0,4,34006.14700365729,0.5961967584194622,0,9,7,2,56,2,10,0.250626800043616,-667.90213138251,loss,0
CUST100046,35,Male,Single,2,Master,Employed,59444.6059202283,Other,11,2,2113.413610798617,36454.37120676179,12,0.9096278123193268,0.1345538112895354,5,197.5020573357799,751.9346514241172,2,4,203273.89130025776,0.5782479703086285,0,11,8,1,65,4,5,0.746559350717045,-593.7223954667537,loss,0
CUST100047,61,Male,Widowed,0,College,Self-Employed,80704.31975133337,Other,23,4,987.7952811416376,34481.84963620834,72,0.3657750494055664,0.3025184801563589,6,258.1495809598659,709.7676098548832,7,2,0.0,0.0,0,8,12,2,27,2,8,0.0250246496464823,480.9995163625792,low_profit,1
CUST100048,59,Male,Single,5,Master,Unemployed,74939.94873736349,Other,13,1,19511.436077950417,49185.41652170414,18,0.0453468110133821,0.7306364915023114,0,98.52492379564116,623.265243711195,1,1,137232.06367206783,0.6366684011476703,0,4,12,3,94,5,7,0.5873403455486075,647.9840079612436,medium_profit,1
CUST100049,37,Female,Single,3,PhD,Retired,35751.05143934545,Renter,1,3,0.0,18012.147091119557,28,0.4433830860607016,0.0,3,120.5344307204047,647.4244978319239,10,2,0.0,0.0,0,20,11,0,101,3,4,0.9682068759363868,-732.7391985132016,loss,0
CUST100050,76,Male,Married,5,PhD,Employed,70252.67927331479,Owner,25,3,23761.708392158864,49008.476763721,32,0.9888209039414216,0.1846192688675193,9,409.4320692062854,610.1585328651643,8,1,99191.91715065058,0.3359533585958715,0,7,10,1,152,1,5,0.8584061263801763,1242.00760630356,high_profit,1
CUST100051,36,Male,Divorced,1,High School,Employed,95383.20362163862,Owner,0,3,308.2434789529516,0.0,31,0.5888529220504423,0.5707744748330825,0,10.4798035722353,688.5460154747382,6,4,173781.63119734617,0.2811144682411265,0,2,15,3,199,3,9,0.5936660178680271,-1064.680136751835,loss,0
CUST100052,75,Male,Single,5,PhD,Unemployed,60157.31099154549,Renter,20,1,5469.80593764742,20998.69057041513,8,0.9985867550893268,0.4245699864694997,6,197.16878309264493,593.2379570617405,7,0,35762.05149787065,0.6240591263423797,0,10,4,0,32,3,10,0.6330767243010155,783.0716174983809,medium_profit,1
CUST100053,59,Female,Divorced,3,PhD,Retired,81348.44634266669,Owner,25,1,0.0,0.0,84,0.6509166648813054,0.5555353643797019,8,300.6718065981073,733.2314011979591,7,1,0.0,0.0,0,14,12,3,186,1,6,0.426764006260958,438.8686449147996,low_profit,1
CUST100054,50,Female,Married,5,Master,Employed,63470.23902878576,Owner,26,1,16792.971840638264,31350.369628202177,12,0.4318765185517402,0.7121495849763975,5,276.86261138693965,850.0,9,4,25103.58515209265,0.794314190190871,0,3,13,2,170,4,1,0.9683986253114744,-178.93183551021687,loss,0
CUST100055,57,Female,Single,4,PhD,Self-Employed,101058.94672597044,Owner,21,4,0.0,43721.02919996879,29,0.8472748481349526,0.5116848973699175,5,240.78088105313725,524.1260513576885,4,4,0.0,0.0,0,13,0,2,7,2,5,0.7026987728656047,-767.3559942057149,loss,0
CUST100056,57,Female,Divorced,0,College,Self-Employed,51917.79496666326,Other,21,4,12175.422557959624,60047.14104192056,9,0.1418746541512686,0.314818956083955,10,365.532568486691,850.0,8,1,0.0,0.0,0,14,10,1,94,3,6,0.776835619966741,171.86451675814538,low_profit,1
CUST100057,28,Male,Married,1,PhD,Employed,58333.56903310144,Other,2,3,8840.654489393073,29346.105038118138,57,0.6619386928082612,0.0,7,300.332068097416,691.0879960487212,3,4,0.0,0.0,0,13,3,2,173,5,8,0.5269341071481448,-324.05381688968583,loss,0
CUST100058,57,Male,Married,3,PhD,Employed,70997.94738290545,Owner,6,3,0.0,19722.66165326613,28,0.7673495273086041,0.0881572956222096,4,135.57475398980733,693.7320902726829,7,5,145514.23205012383,0.4028547907328912,0,4,12,1,128,5,6,0.0720754965921578,-478.6557438197973,loss,0
CUST100059,23,Female,Single,3,High School,Unemployed,44092.27144882677,Other,13,5,0.0,27859.392800908845,52,0.7094989615689342,0.0929515355161251,6,248.3773737481364,644.6350694652818,5,1,0.0,0.0,0,19,14,2,22,4,2,0.2433164748227336,378.7564343688742,low_profit,1
CUST100060,69,Male,Widowed,2,Bachelor,Self-Employed,61057.90655915186,Renter,24,2,0.0,34279.59821468444,10,0.5104832845421483,0.277534390061834,1,69.08678946110655,677.9030400466777,5,2,111416.67000434252,0.7515015420094611,0,20,4,1,26,2,5,0.1972718028239832,-89.59143491383877,loss,0
CUST100061,37,Male,Married,5,Master,Retired,42725.4527806596,Other,24,5,2249.48302848356,0.0,58,0.6811334783148337,0.0,9,480.1756543076128,836.6874267444525,5,5,214496.7713501284,0.5501927920887243,0,14,2,3,113,3,5,0.591419756831021,-207.50771814641365,loss,0
CUST100062,63,Male,Divorced,3,Master,Employed,69337.50463630608,Owner,11,3,35788.80808455238,52391.49822869153,10,0.6446664695758374,0.2744164817038467,1,132.56364735094675,604.4459559399575,7,4,0.0,0.0,0,1,14,1,82,5,8,0.5013673018728276,357.6863899153311,low_profit,1
CUST100063,25,Female,Single,2,High School,Self-Employed,37309.477641470905,Owner,7,4,0.0,17068.54231514947,57,0.5240685531701745,0.0836903992771209,9,313.85755513860414,850.0,4,3,138163.97569494505,0.5984054717366765,0,10,1,2,16,3,2,0.5579632124184023,-136.82574565112094,loss,0
CUST100064,67,Female,Divorced,5,PhD,Self-Employed,62321.04922942855,Renter,2,5,0.0,60462.48154539314,85,0.1414283805843178,0.4077820087369317,5,271.7225304848016,596.2753845673544,10,3,30966.132191639183,0.4248763493230485,0,2,9,3,164,3,3,0.6701163999947225,-842.5745664759983,loss,0
CUST100065,85,Male,Widowed,4,Bachelor,Employed,87785.32642594924,Renter,9,2,24094.166404701304,2028.648523617176,28,0.3417323451315481,0.4125938473381141,7,388.4356905771127,634.9357430878173,2,0,1287.4616235303984,0.4815212151522261,0,3,1,2,196,5,3,0.5972464410716285,666.6829706253106,medium_profit,1
CUST100066,37,Male,Married,5,PhD,Self-Employed,61455.64883834481,Other,14,1,0.0,35409.13651559678,53,0.364299414130769,0.2899523781101726,3,226.2067425274219,676.105195313359,7,1,0.0,0.0,0,9,15,1,94,5,8,0.4616799784409892,11.46813603160568,low_profit,1
CUST100067,54,Female,Widowed,1,College,Self-Employed,82661.73677477268,Renter,1,4,10009.171876243809,10448.89510402898,48,0.5545407454244312,0.3198664610858451,1,135.29588728168704,775.138712337179,1,2,0.0,0.0,0,5,8,3,131,2,7,0.0917135696590933,150.9563152277762,low_profit,1
CUST100068,46,Female,Divorced,0,Master,Employed,40121.2872316246,Renter,16,3,10705.986685931592,14734.816869149665,31,0.386166118044595,0.0,1,34.38663583980769,537.2457562116838,1,5,54808.4946661382,0.6519445003442963,0,4,4,0,73,4,3,0.7588411547656072,-716.6562456136213,loss,0
CUST100069,78,Female,Single,0,High School,Unemployed,79157.77376332122,Owner,26,2,0.0,28678.404027053668,71,0.940225949341318,0.0577967600475086,9,294.7368075946529,634.8163892197841,4,1,54739.86713164141,0.4279173269432095,0,1,7,3,163,5,8,0.0628071510110638,595.5798970064773,medium_profit,1
CUST100070,81,Male,Married,5,College,Unemployed,90188.78427643322,Renter,0,5,0.0,46713.84224130283,46,0.2405642388065435,0.0740586290684763,6,294.8818152918299,752.9804177915282,8,2,194156.86206579005,0.1056710999745421,0,16,0,3,120,1,7,0.9810394225515604,-674.8281628016123,loss,0
CUST100071,50,Male,Divorced,0,Bachelor,Self-Employed,77312.16381541619,Other,21,1,2969.546139570073,37422.917467426174,99,0.5819033215581401,0.1792029626568358,5,202.1302887158061,708.65897874729,5,5,34432.276460792054,0.8335564123319614,0,14,15,1,34,1,8,0.0369837901997757,-303.7743511170214,loss,0
CUST100072,43,Male,Married,0,Bachelor,Unemployed,70128.07986225607,Other,12,5,881.2303387753263,20247.87551855013,61,0.2533137652026174,0.2134883624360758,10,340.5051782804637,739.4452142378296,0,5,7901.551917973702,0.6579549713792826,0,3,11,3,102,4,7,0.3390366284081606,-31.18028955676607,loss,0
CUST100073,41,Female,Widowed,2,PhD,Unemployed,86133.74110295076,Owner,23,4,1739.7646783215887,54024.2784432789,11,0.4306071520034469,0.2183849253956897,2,125.15177358981154,496.1875464822146,1,2,0.0,0.0,0,9,14,3,42,4,6,0.4471296596702572,-396.6424057811057,loss,0
CUST100074,63,Female,Divorced,5,High School,Employed,49454.59547876074,Other,20,4,5184.183791895517,63528.74624550565,47,0.5130860194645521,0.3653854747528325,10,272.22679647680246,678.0899471191136,9,5,132940.5581183489,0.1577729381984229,0,1,4,0,60,3,6,0.3828544016887777,56.06077857079795,low_profit,1
CUST100075,22,Male,Widowed,2,Bachelor,Retired,83125.955816609,Owner,18,2,0.0,52875.08086413858,68,0.3669499486538323,0.3676992814988828,5,207.40036745398115,658.4712086099198,1,0,113278.18661062849,1.0,0,15,12,0,67,3,8,0.2145704254237197,649.6143615704293,medium_profit,1
CUST100076,54,Female,Married,0,College,Employed,67446.61758901009,Renter,5,4,406.391004597559,13003.112610704164,12,0.8105132183576319,0.4660671633088491,5,300.300086888366,614.3916174091132,8,4,57156.62372193925,0.5044685106469766,0,9,5,1,92,5,4,0.1213624550784568,-179.0107378206229,loss,0
CUST100077,43,Male,Married,3,High School,Unemployed,70009.86315860845,Other,18,3,15375.399442578992,19799.67202290506,60,0.8036617262885865,0.2460250129413257,8,387.2309877440256,602.1236284217692,1,2,5570.673992388838,0.6754600986089704,0,15,13,3,147,1,3,0.972379731513766,34.95669732640127,low_profit,1
CUST100078,27,Female,Widowed,5,PhD,Unemployed,32335.04027467124,Owner,28,5,13696.059201056602,57112.75717609902,82,0.5877859904018278,0.3826869806447401,2,240.79481991901696,850.0,0,0,0.0,0.0,0,9,5,1,82,2,6,0.9474831368096476,619.378535147713,medium_profit,1
CUST100079,84,Female,Single,2,College,Unemployed,6638.392532871643,Owner,20,3,19960.44311489183,43087.31312708116,79,0.5334780297683805,0.2888830658179089,8,369.6406832472404,727.996862631982,9,1,0.0,0.0,0,19,10,0,7,1,1,0.9485468539703916,845.3649070161182,medium_profit,1
CUST100080,51,Male,Widowed,4,High School,Retired,63876.63545925682,Other,17,3,6093.947946048929,44515.33247797384,83,0.956650169954405,0.3962018463473426,7,353.6113166311856,722.3884024279131,6,2,0.0,0.0,0,1,5,3,106,4,8,0.2040230135633987,561.6490756569208,medium_profit,1
CUST100081,36,Female,Divorced,5,Bachelor,Retired,116460.734894251,Owner,24,3,18454.20046154978,61863.73253278794,66,0.5616512157483692,0.1977568647137629,5,161.59127486361535,601.039517974142,7,1,37421.30799003519,0.6111449824577389,0,1,9,3,157,4,4,0.9626858522393368,604.6313965633832,medium_profit,1
CUST100082,38,Female,Divorced,1,College,Retired,9226.06110855542,Other,14,4,20295.50319460613,26839.84202842021,40,0.497370273047509,0.2146237860105159,1,135.54122064544669,598.7895624739832,3,1,0.0,0.0,0,1,1,2,126,5,8,0.2857483814410175,962.437271717999,medium_profit,1
CUST100083,19,Male,Widowed,1,Bachelor,Unemployed,62199.53901565212,Renter,11,1,0.0,4098.424558727678,52,0.0511576873830083,0.2328430601419743,8,326.21700947524783,850.0,1,3,24040.864863639523,0.2993714093763787,0,17,8,0,32,1,7,0.37319833632482,-242.33123248869896,loss,0
CUST100084,61,Female,Married,1,PhD,Retired,51818.292907569885,Other,1,1,0.0,28914.102669643755,5,0.1370363735675204,0.2538130939582644,5,269.0648348263272,769.6206364813419,2,4,234895.60949453447,0.8253130059095515,0,4,10,2,41,4,10,0.7393193605736041,-817.554290663871,loss,0
CUST100085,56,Female,Widowed,5,PhD,Unemployed,26804.222737749893,Renter,26,1,30733.598032498605,31184.368680289765,48,0.3312395935789226,0.3027858583825892,1,151.53940868154888,697.5874912889997,10,0,69808.47607678549,0.5711279176152115,0,8,7,0,149,4,3,0.524232332624683,981.167024380882,medium_profit,1
CUST100086,66,Male,Married,0,PhD,Employed,43594.23176278824,Owner,0,4,4672.467297840016,19131.5045773247,41,0.41878029816919,0.1574308434645671,6,273.5054975196525,710.6430227691897,9,3,24502.278257914477,0.9007985977165376,0,1,4,1,143,3,8,0.5254771514000354,-627.3834621393789,loss,0
CUST100087,58,Male,Widowed,4,Bachelor,Unemployed,92745.20555767383,Other,24,3,17460.85192497629,0.0,79,0.4841801016946446,0.2314624811839302,3,143.07002411571148,662.8559134004208,4,2,0.0,0.0,0,15,10,3,89,5,5,0.2877893754979528,125.57424290575985,low_profit,1
CUST100088,66,Female,Divorced,1,Bachelor,Employed,26682.724636025137,Renter,30,1,22522.704434236228,48713.56786294922,45,0.9240096318898804,0.5543110189988317,10,371.4602501506448,772.1672064043235,3,4,0.0,0.0,0,17,8,1,27,5,10,0.239282065946296,389.0519772422917,low_profit,1
CUST100089,24,Male,Married,0,High School,Retired,74681.23683683755,Renter,22,4,0.0,44259.96860344776,13,0.6811919865814302,0.2519349203683729,2,160.17414208406592,662.5179192450403,2,3,121095.99682034914,0.688852662297208,0,15,15,1,193,3,6,0.2854153413019918,-145.04552489390824,loss,0
CUST100090,25,Male,Married,4,High School,Self-Employed,94779.89410092744,Renter,28,2,0.0,42318.71213888528,5,0.99717180308851,0.4186202515936768,6,234.53996417704803,669.045356068601,4,0,82613.3022242118,0.3497772847229394,1,18,3,2,72,4,9,0.5243185348355205,-248.0340052984045,loss,0
CUST100091,35,Female,Divorced,1,High School,Unemployed,54452.93590671033,Owner,23,4,0.0,50980.18451673779,83,0.2572648802295191,0.1591312618914481,2,117.70411977831937,559.153870363644,4,4,0.0,0.0,0,6,5,3,109,5,6,0.0867377698483559,-60.00983897002038,loss,0
CUST100092,30,Male,Married,3,Bachelor,Self-Employed,21587.11942511151,Owner,8,4,22547.941819843647,0.0,31,0.4467355218064535,0.6392912736580076,4,198.55056084451945,721.1017467202619,9,0,40328.68881296076,0.49101618263821,0,11,7,0,170,1,8,0.3068063420036198,1042.5205685351084,high_profit,1
CUST100093,69,Female,Single,5,Bachelor,Unemployed,58870.95892725455,Other,7,2,16033.018820165214,32284.552973240792,18,0.4781818997352239,0.3300603522923755,7,348.48922821837385,663.6387787786144,6,5,44305.43762789325,0.6615603537784118,0,15,6,1,174,5,2,0.5255066562201677,-896.7664430924764,loss,0
CUST100094,85,Female,Single,4,High School,Employed,19554.43733682861,Other,28,5,12432.64094022715,33417.30876255884,26,0.5727016742278647,0.2632033327294641,2,224.1879446106453,701.8433933065393,7,0,84758.1705361671,0.4920480639381276,0,18,15,0,130,4,1,0.453432300179782,620.0181055816635,medium_profit,1
CUST100095,83,Female,Widowed,4,High School,Retired,65875.35765293044,Other,25,3,0.0,38165.05511428944,93,0.0217704578932278,0.0,4,281.8190256036884,802.9155637325644,9,0,97259.7482413043,0.6512059468627751,1,11,2,0,17,4,1,0.2870907068913201,-24.31277339993838,loss,0
CUST100096,41,Male,Widowed,2,Master,Retired,109964.2333338773,Renter,12,1,15143.700650181305,0.0,88,0.964144376380686,0.0440846066528596,8,382.6965007322781,637.5181422304321,1,1,52609.10502108338,0.7035318040938245,0,12,4,1,0,1,5,0.4630039011947799,398.8840338416985,low_profit,1
CUST100097,72,Female,Married,1,Master,Unemployed,65603.00293431235,Owner,8,2,0.0,17769.643940161033,93,0.7654899292651164,0.0186677806303555,0,83.84811969835042,607.6766753889095,0,1,0.0,0.0,0,3,1,3,153,1,4,0.7405410784798616,-490.9940672027346,loss,0
CUST100098,69,Female,Married,4,College,Employed,91609.25389823518,Owner,16,3,0.0,82647.64129674781,30,0.8157862567633168,0.3986635801761778,9,373.2848675286798,718.4836123694874,10,2,0.0,0.0,0,4,7,3,76,3,1,0.5567181181052345,51.59703825609597,low_profit,1
CUST100099,40,Female,Widowed,0,Bachelor,Retired,42730.86521286678,Other,10,4,6220.098146453614,81201.69076537588,53,0.1492176078251637,0.28078802005507,6,268.61839160299843,814.9273326285676,3,1,0.0,0.0,0,4,14,0,143,4,7,0.5572867581992731,430.1101425459086,low_profit,1
CUST100100,35,Female,Married,2,College,Unemployed,113124.0190690653,Other,2,4,0.0,66248.97115993858,48,0.0924639965268636,0.441550387091095,3,151.97969386568838,643.7533224105732,9,4,113240.7739055521,0.7945108899253459,1,2,6,1,122,2,6,0.3031880256311576,-1247.128307437386,loss,0
CUST100101,19,Male,Married,5,High School,Retired,12893.258403286309,Owner,22,5,0.0,25049.627288969903,91,0.2045131429778937,0.2851133141799907,3,246.66515518918848,762.0672097550678,6,3,67770.10009332538,0.3329311282579797,0,11,9,2,92,5,8,0.4660040669039504,62.59595034169229,low_profit,1
CUST100102,78,Female,Married,2,Bachelor,Retired,78317.57235851469,Owner,18,2,10597.9044793104,51615.61451109244,95,0.1459227131025485,0.4667844309097808,4,238.93884236528655,745.9180079228437,6,2,42983.428854135294,0.2678078132968017,0,10,7,3,145,2,8,0.5506425325170752,199.81688187798875,low_profit,1
CUST100103,61,Female,Widowed,5,Master,Retired,66230.63061489334,Owner,23,3,7715.788371953735,4465.028483593811,22,0.1399585285806173,0.0837886919183475,8,422.445183639204,805.3152853332904,8,5,46044.4846143345,0.7363001394745249,0,16,1,0,171,1,1,0.4123922224155927,-107.54085428853202,loss,0
CUST100104,47,Male,Married,0,College,Retired,60892.68418487236,Renter,1,5,14382.838059759975,19679.10543565252,82,0.6667547295533397,0.3192241553881966,9,439.00449932410754,653.7724711294958,0,0,6550.377256768443,0.5381655753062721,0,13,0,0,135,3,9,0.9774793482325116,743.2410249146661,medium_profit,1
CUST100105,20,Female,Married,0,High School,Self-Employed,45637.54135009568,Owner,6,5,17557.561255735207,12107.85395560992,68,0.2524181963146804,0.2626256711677281,5,217.74552133344605,656.0268941725825,5,3,194697.78843537328,0.6393109553023149,0,7,7,2,175,1,1,0.0935005054271094,274.15294297841785,low_profit,1
CUST100106,66,Female,Widowed,0,High School,Self-Employed,15433.188808890838,Owner,15,4,7670.502658692589,47792.61591246874,83,0.7843763107901112,0.3164567978550848,9,507.7275792232811,806.5480375065351,8,0,0.0,0.0,0,18,15,2,11,1,5,0.8993116508650086,593.7844838106354,medium_profit,1
CUST100107,22,Male,Divorced,0,College,Self-Employed,128966.94370857751,Other,26,4,1371.614395603409,21089.949571984565,10,0.2992768895808625,0.5906768954235402,9,413.5726095057362,850.0,6,5,0.0,0.0,0,10,12,1,176,1,9,0.7454565612548837,-211.79380292023143,loss,0
CUST100108,62,Male,Single,3,College,Employed,51546.461734184784,Renter,19,5,0.0,11626.961070316036,77,0.3967030493089595,0.0991718466495863,5,181.1466886730177,623.2202434895871,7,3,46531.51126132188,0.6468429465073041,0,17,12,3,47,5,7,0.0856941176367357,139.9461901516499,low_profit,1
CUST100109,55,Male,Single,0,Bachelor,Self-Employed,30049.37877783627,Renter,22,2,14843.223984765838,25720.22311548982,95,0.3896219753971564,0.2901072580695134,5,131.36659035956907,767.4819492166604,4,3,0.0,0.0,0,8,3,1,22,2,7,0.4488436770214514,285.3405595588065,low_profit,1
CUST100110,83,Female,Single,0,High School,Unemployed,64993.56624639168,Other,2,5,9924.512640081492,35783.37287815636,77,0.7844387242528075,0.7910600279821789,6,233.50245084666275,636.2260015748684,1,5,0.0,0.0,0,7,5,3,43,2,5,0.3011312653750687,-723.207468077803,loss,0
CUST100111,81,Male,Single,1,Master,Unemployed,43335.68642519236,Renter,9,4,0.0,53780.33062215104,10,0.361124912289528,0.5841008495979709,3,195.7874709182403,642.9253706250523,9,1,0.0,0.0,0,4,9,0,101,3,10,0.3798899561470482,558.4612905471894,medium_profit,1
CUST100112,60,Female,Divorced,3,PhD,Self-Employed,43433.30867157086,Renter,10,5,11329.318177555107,34058.46041702599,89,0.2008514887020717,0.0,5,213.52978007475863,850.0,5,2,229587.76730955215,0.4774422619031227,0,20,15,1,83,4,5,0.8164945154329131,-277.23811740622153,loss,0
CUST100113,68,Female,Single,4,College,Self-Employed,68575.96172174715,Other,24,5,8344.56789987025,43170.885453456605,4,0.953004611486296,0.7020409077532699,7,282.9379233515015,682.305277250595,4,5,0.0,0.0,0,13,15,1,162,3,4,0.2526816849310916,-413.7994449977975,loss,0
CUST100114,37,Female,Widowed,0,Master,Retired,38072.09880174242,Other,12,5,4668.730271262029,65891.15727035576,65,0.9234957540064468,0.1964777401927657,6,340.7628956131005,722.3787951638899,5,5,48357.7103927248,0.8376786546896168,0,17,2,0,196,2,6,0.1663384932801115,359.4268383747521,low_profit,1
CUST100115,23,Female,Divorced,3,High School,Employed,44073.936812390384,Owner,8,2,105.60557481777867,50883.21754138144,66,0.7468530276328158,0.4363782979252623,8,361.4885432960056,850.0,7,2,108392.8185325964,0.5281415818425881,0,18,4,2,6,4,2,0.2954322205184059,-151.91055251598948,loss,0
CUST100116,28,Male,Married,2,Bachelor,Unemployed,93261.10741748723,Renter,25,2,13204.82181197364,40145.48062214596,67,0.4829259987793884,0.5133349379178308,7,326.2324008347412,816.9295590445672,7,2,188215.89910375272,0.7297419775179286,0,1,3,0,87,1,3,0.9299224464885923,495.2051051840342,low_profit,1
CUST100117,49,Male,Married,2,PhD,Retired,64401.41059299969,Renter,7,4,17065.089665083568,13661.28658025528,81,0.1844517751513936,0.3737346617745802,10,394.8472667414836,660.6661187672639,9,1,52874.48229348175,0.8556903725214597,0,13,12,0,180,2,4,0.2783448305154256,694.5978689824225,medium_profit,1
CUST100118,26,Male,Married,2,Bachelor,Self-Employed,61393.09644468447,Renter,3,3,0.0,44925.07132054441,86,0.8626365474573073,0.429096836228215,8,339.95413400622346,850.0,6,4,19222.17650469992,0.6438300655327878,0,3,11,2,117,5,3,0.8137382542609338,-750.6451599374079,loss,0
CUST100119,56,Male,Married,2,High School,Self-Employed,107323.59839290424,Renter,3,2,4047.0446761304793,35580.430515406784,48,0.6934365417164455,0.4215793019433078,8,350.3622250335856,718.6609123156359,9,3,5356.638544947171,0.6388179985796615,0,15,5,1,125,3,3,0.1870985799624026,-5.196223060147503,loss,0
CUST100120,75,Male,Divorced,0,Master,Self-Employed,29204.541017668194,Owner,26,4,6329.69674146876,15997.583701216536,72,0.5054380197306704,0.5390093257849685,7,301.984580390564,547.6813095216226,7,3,0.0,0.0,0,18,0,1,74,1,5,0.2248434166432068,385.8037229289084,low_profit,1
CUST100121,54,Male,Widowed,4,Master,Employed,106965.7208770302,Other,3,3,4342.497389270122,18896.009466136034,100,0.5431061820930451,0.676231413888118,5,303.4594174433697,555.1986099583756,7,4,0.0,0.0,0,13,3,1,76,1,8,0.2628152247412276,-146.12963625414503,loss,0
CUST100122,29,Female,Single,1,College,Unemployed,44938.37326942167,Other,19,4,0.0,44167.12894598707,22,0.6161511997821552,0.3487601427542398,3,260.4939946389187,643.5921369263272,9,2,0.0,0.0,0,19,5,2,180,3,5,0.5727355798135926,73.55604365757301,low_profit,1
CUST100123,83,Male,Married,3,High School,Unemployed,79506.03533875983,Other,4,2,4008.241362206171,66932.73992095332,32,0.1462434434249613,0.0859830467347694,5,318.71880763090303,547.4474829075261,10,3,0.0,0.0,0,18,8,3,96,4,2,0.6336277633502977,-782.5414147324622,loss,0
CUST100124,29,Female,Divorced,5,Bachelor,Retired,67300.18347968075,Renter,10,5,2587.639421436701,37041.107930285936,1,0.8689077628712004,0.0496921151619111,1,123.99917071081408,844.3764604073259,10,5,41784.88216074312,0.8234591663176255,0,2,12,1,109,2,8,0.2685368383144225,-287.6712072624416,loss,0
CUST100125,54,Female,Married,4,Master,Unemployed,73702.59657461352,Other,24,1,10697.672802322038,38954.1712003463,6,0.0995747419162058,0.4285445519735087,7,362.0262697355965,832.9152530132432,2,3,69652.116970147,0.7418007515177024,0,13,6,1,166,3,3,0.874423369264048,-75.47650113281873,loss,0
CUST100126,53,Male,Divorced,2,High School,Unemployed,103203.51646348418,Other,28,2,0.0,66018.80865821632,7,0.3963415669322332,0.2919684098711313,4,280.085965952325,556.9224897881952,6,5,62810.44149107893,0.4637896685050238,0,3,0,1,122,1,3,0.5936794968410645,-60.42155620697815,loss,0
CUST100127,84,Female,Single,0,Bachelor,Employed,40421.28062092827,Renter,22,2,538.1656678522031,0.0,62,0.0708283054005121,0.2095387361501846,6,316.55123162516384,457.6120673371044,1,2,0.0,0.0,0,9,4,3,198,2,3,0.068411607522579,310.6129530707061,low_profit,1
CUST100128,19,Male,Widowed,2,College,Self-Employed,83574.00475952496,Renter,19,4,9254.575617849649,10660.47713741574,28,0.0866880334659885,0.290457728771604,1,51.031575914019626,699.6397460909432,6,2,0.0,0.0,0,10,4,1,70,1,4,0.5533966317847301,448.6784374916027,low_profit,1
CUST100129,54,Male,Divorced,1,PhD,Self-Employed,86320.86871727015,Other,12,3,2790.3582617033608,30537.716779890616,83,0.0545691310152529,0.3416765615895105,3,112.3953641190597,495.82651315757096,7,5,25282.26174794031,0.4636031504004402,0,16,0,2,81,2,7,0.8608140039367475,-1131.2076058769596,loss,0
CUST100130,71,Female,Married,3,High School,Employed,51566.99121342135,Other,2,1,22976.865268495225,42816.857225340194,34,0.2157429385172341,0.1857642020434406,0,79.59500477703006,757.2582781356159,4,5,189935.54365860025,0.7849267365825537,0,13,13,3,21,5,9,0.616047055666748,-870.3981524889831,loss,0
CUST100131,53,Male,Divorced,0,PhD,Self-Employed,40591.89666883278,Owner,17,3,11982.2331361359,37869.707708435,51,0.5864371630124319,0.4790386440055464,10,331.32858519516407,763.517180168197,6,5,154955.2715319335,0.4929529576878864,0,7,1,1,22,4,2,0.4533718422971426,33.35803656500843,low_profit,1
CUST100132,25,Female,Married,0,High School,Self-Employed,65927.988140772,Other,0,2,25752.608726252656,16216.243638208643,64,0.9530162017546976,0.6471927606330499,8,405.8792019396429,719.7910783462647,4,1,0.0,0.0,0,8,3,0,85,4,5,0.5238542114486693,588.1550920702691,medium_profit,1
CUST100133,51,Male,Widowed,3,PhD,Unemployed,50389.5807541704,Owner,15,5,9241.659464019163,40456.70976070999,22,0.3676877778568117,0.1852599992122842,4,309.7868421591718,697.5645407739017,10,5,264227.03586118633,0.9455086340201424,0,16,0,0,3,2,1,0.4717645895777381,-183.60794866033729,loss,0
CUST100134,67,Male,Married,0,PhD,Retired,61140.104345046006,Owner,10,2,6200.313267182613,42270.35945460833,54,0.915854764880895,0.0954414869603188,5,154.14031189387322,674.2623462576655,5,0,0.0,0.0,0,1,5,1,132,1,7,0.0689264377727451,804.6680872172548,medium_profit,1
CUST100135,77,Female,Divorced,2,High School,Retired,79415.87819108223,Owner,11,2,168.13537700625966,61479.73526580066,38,0.5638067408241869,0.0548468673995317,4,178.09983818005054,553.5625119790179,5,4,72445.1818559972,0.8094196605224309,0,6,7,1,1,4,1,0.2329977418597429,-148.83490872703965,loss,0
CUST100136,62,Male,Divorced,0,Master,Unemployed,46233.4721139318,Owner,6,5,15786.808334312957,29229.830609985856,31,0.4198158420028453,0.265474540011836,0,28.47469704099368,788.3659937486673,4,0,115232.28784134195,0.28472156860315,1,7,13,2,117,1,10,0.0955770053373855,-27.03609688232899,loss,0
CUST100137,35,Female,Single,4,PhD,Employed,101402.74062442356,Renter,21,2,0.0,37916.07066874818,31,0.2916760240569035,0.3988060372565477,5,249.8926317705658,726.0673765823907,5,2,0.0,0.0,0,7,2,1,34,5,2,0.1554105513219367,169.2654231464106,low_profit,1
CUST100138,39,Female,Widowed,2,Master,Employed,59233.37787025664,Other,11,2,16727.290192593646,40872.00309188865,58,0.3083077182125046,0.2258771335827787,4,152.18346503615092,777.1698710648345,10,2,0.0,0.0,0,19,1,1,83,2,2,0.7111573982851116,85.13708769014545,low_profit,1
CUST100139,63,Female,Single,5,Bachelor,Unemployed,7808.586636657012,Owner,0,4,1375.5905859686786,7606.602107477123,58,0.5559537615483883,0.0410637048558188,8,312.39686003297186,816.0826787378519,2,0,3229.879868810865,0.6693007763461432,1,7,4,1,102,3,2,0.5823238014140631,-877.8287580938661,loss,0
CUST100140,51,Male,Single,0,College,Retired,74311.22481669365,Owner,2,3,5768.2189106025535,4340.155516228606,16,0.0426963190904308,0.499253363889428,7,363.3709841708547,650.6243416838688,6,5,0.0,0.0,0,0,12,3,44,3,4,0.9083042158719234,-1031.728552929545,loss,0
CUST100141,53,Female,Widowed,1,High School,Self-Employed,105022.79371902932,Other,9,4,13502.217421134928,23026.957311842816,53,0.8827785741589118,0.2301484591363142,7,235.22373231309325,667.8364948782618,2,3,257674.7983560841,0.6763870904463106,0,16,7,0,97,3,8,0.5445178060340516,199.04030087600933,low_profit,1
CUST100142,80,Female,Divorced,3,Bachelor,Self-Employed,90908.50362095526,Owner,10,5,7387.891590265135,24819.15708358594,29,0.0293034605366346,0.2607300301830043,4,300.6499138972389,692.8398740585936,8,2,46277.77634901584,0.745525908727396,0,7,5,0,63,2,5,0.5336895645878103,407.8606441910515,low_profit,1
CUST100143,25,Male,Widowed,2,College,Self-Employed,81979.20231646737,Owner,18,3,4192.834198914177,31572.703806321813,95,0.69762656359958,0.0,9,367.650751945728,791.6327674702482,9,4,84648.84758979926,0.7996020219719304,0,6,15,2,44,4,1,0.0902573768509028,-735.8931258237103,loss,0
CUST100144,47,Male,Single,4,Master,Employed,122651.24114342182,Renter,29,5,3604.1037184482634,52163.656334750325,26,0.8064454133100029,0.0920188145748938,5,344.603039095982,761.277390506257,5,0,0.0,0.0,1,18,4,0,134,3,2,0.3735907800833732,-117.21282757247847,loss,0
CUST100145,68,Male,Divorced,2,Bachelor,Self-Employed,117420.9406160036,Owner,23,4,3093.175992366534,34348.657463594456,82,0.9606621003687382,0.4740135461377508,10,423.1649235723081,749.5681887972605,8,5,65041.89051435764,0.672992200493245,0,19,11,1,170,5,3,0.3783841081471981,198.9404470096983,low_profit,1
CUST100146,55,Male,Married,5,High School,Retired,58271.43608899244,Other,1,2,7010.990467149675,51013.08792015224,78,0.318216911860095,0.5211051865915968,9,357.9906217633952,818.703030556038,7,1,113873.02220291844,0.3713990174539032,0,2,7,2,81,2,2,0.8216618054283098,207.3372709414454,low_profit,1
CUST100147,60,Female,Single,2,College,Self-Employed,25609.638209439363,Other,2,3,8026.354652390332,14914.48299961284,33,0.7870200060906604,0.2871723306814014,0,87.6440282651551,732.8762410303481,6,1,82135.7215450273,0.684384150847057,0,15,12,2,139,4,2,0.8288069775662514,-212.88047544899524,loss,0
CUST100148,46,Male,Widowed,0,High School,Unemployed,73606.02904541939,Owner,10,3,2558.433647093513,49281.74336576715,14,0.0742004017666593,0.5378940977849281,2,99.93952433695029,577.2392184863007,1,4,109740.0069849858,0.7402345484621796,0,2,10,3,180,1,7,0.9424422581019638,-886.0196033987404,loss,0
CUST100149,39,Female,Married,0,High School,Unemployed,101271.2043993486,Owner,6,4,3499.4441296747327,32511.52906943085,90,0.5541124323162294,0.265385635143226,8,277.5257962370512,701.5579047581467,3,0,0.0,0.0,1,18,15,1,13,3,1,0.4276059574457135,-1163.0272720118214,loss,0
CUST100150,55,Female,Married,0,High School,Self-Employed,107835.15189674916,Owner,20,3,0.0,10172.153010873855,11,0.4735706511420687,0.0,1,107.57700370280187,636.1038252310498,7,5,0.0,0.0,0,20,12,1,94,4,6,0.1865829411579316,-244.4762829521408,loss,0
CUST100151,23,Female,Widowed,3,Bachelor,Self-Employed,90294.51268027903,Renter,18,1,0.0,75048.71610688618,20,0.7522351421152871,0.4963530973983188,10,393.2984968820885,667.5168616491378,8,3,0.0,0.0,0,18,7,0,99,5,7,0.9656277040803016,188.96767204036516,low_profit,1
CUST100152,78,Male,Widowed,2,High School,Retired,18312.82599709212,Other,1,5,0.0,50451.40864019281,74,0.9004550614715918,0.7879504812678546,9,410.0327625717033,838.4272818510518,1,3,106390.91200523596,0.7189508683330572,0,5,6,1,32,1,7,0.078368522139489,259.8444392551123,low_profit,1
CUST100153,73,Male,Married,4,Bachelor,Unemployed,82767.85769360296,Other,29,1,7811.914239693759,32084.02207903752,12,0.3880991530147507,0.2874813744200955,6,354.4480876237733,624.6035411133323,8,3,21932.492313322597,0.2614086371609229,0,0,13,0,106,2,3,0.5665939270551065,350.4893412247482,low_profit,1
CUST100154,30,Male,Single,2,PhD,Unemployed,30342.266785472475,Renter,8,4,0.0,33597.88302306957,84,0.4855847922863306,0.5784004572689199,9,302.0141410712505,791.8316606002313,6,1,0.0,0.0,0,12,1,3,84,2,1,0.7457498198391361,-483.4441293769123,loss,0
CUST100155,52,Female,Single,2,Bachelor,Unemployed,88223.13563964647,Renter,26,4,0.0,25507.33700005951,90,0.6848520271347268,0.4100104198049104,3,273.8754505497153,603.1655545136365,7,2,60537.55061459599,0.333194901016359,0,13,2,1,113,2,7,0.740944798920008,171.35265793911515,low_profit,1
CUST100156,84,Female,Single,4,College,Employed,69593.45802427611,Renter,22,5,0.0,38809.49475920798,52,0.1356498210170598,0.2960724402146637,8,276.1362391728256,755.2489954417148,3,1,72391.41340646613,0.8728280859947688,0,7,1,3,12,3,4,0.2739774984743589,488.7858484895038,low_profit,1
CUST100157,77,Female,Single,5,High School,Self-Employed,47117.83376624241,Renter,15,5,6222.9750303228375,40865.96058072776,58,0.1775836941638616,0.3097720140651409,7,286.0335977185008,704.0591691203882,2,2,0.0,0.0,0,2,9,0,98,1,3,0.8538213265855465,83.12008528823716,low_profit,1
CUST100158,45,Male,Married,5,College,Unemployed,17921.841846009193,Other,13,5,22495.767431869397,5122.735292174297,3,0.864629930111048,0.1614189604408185,10,433.192886217479,628.1592734430802,10,1,139492.43769444415,0.5410100643415944,0,0,7,2,155,3,5,0.423806800659619,1178.6750909058137,high_profit,1
CUST100159,66,Female,Widowed,2,College,Retired,39795.28127268395,Renter,21,5,7789.94162223802,13293.058934804852,80,0.3971525399721202,0.7290298255546777,1,224.95935170044172,581.2401580970487,5,4,80982.07102270276,0.7267553761864197,0,19,9,2,175,1,8,0.0638370538971099,101.39475795963068,low_profit,1
CUST100160,53,Female,Divorced,2,Bachelor,Self-Employed,54441.37023366875,Owner,16,2,3701.793002665738,30876.229439582192,8,0.8054298226335298,0.2705995996743022,9,325.28600600062964,796.387911679491,2,5,271052.30015913513,0.4885016429984332,1,15,9,2,107,4,7,0.7367320957431123,-2018.5634074997583,loss,0
CUST100161,42,Female,Married,5,PhD,Retired,57351.53854946236,Other,11,5,30797.093376543184,13926.508640605383,39,0.8454192442445952,0.6278233610888135,10,373.8766499950112,850.0,1,3,0.0,0.0,0,8,5,2,167,1,4,0.3552833961198324,653.324973852476,medium_profit,1
CUST100162,57,Female,Divorced,2,Bachelor,Unemployed,108851.89869385614,Renter,27,1,1208.722590125129,25928.392797952765,61,0.0536769544064503,0.1836638172102712,10,497.2176587742735,598.5243269307133,1,3,0.0,0.0,0,16,3,3,135,3,7,0.0540619706425751,38.42497059689339,low_profit,1
CUST100163,37,Male,Married,2,Master,Retired,61022.50404777678,Owner,10,2,0.0,34675.71823581495,100,0.0808114669291737,0.0,5,191.9164919258269,733.0880232214457,10,0,133352.89616089244,0.2012528714857088,1,8,6,1,147,2,8,0.785210905697712,-729.8551429057378,loss,0
CUST100164,29,Male,Widowed,5,Master,Retired,96830.06977419875,Renter,30,4,0.0,63451.44773675407,50,0.0046691375801363,0.383803801873209,8,290.57342118372355,629.4988144241591,0,2,44423.0922342294,0.7116653825043444,0,16,6,0,173,1,4,0.2262657112890834,569.4717135958629,medium_profit,1
CUST100165,62,Female,Married,0,Master,Unemployed,76162.67977339108,Owner,2,1,0.0,33387.21648072156,39,0.9484633750530168,0.0172571006190039,7,345.22221752437736,688.87739386513,5,3,0.0,0.0,0,4,10,3,91,2,3,0.9480843537069428,-1014.763268073656,loss,0
CUST100166,69,Male,Married,1,College,Self-Employed,97082.79525631313,Other,0,5,15913.10120594269,42182.76241814354,65,0.1689847418901471,0.0815374470654841,5,318.980935513971,668.3591550305198,6,5,171309.76999791834,0.628343382727981,0,17,1,0,169,1,1,0.0482350564729403,264.0741346490065,low_profit,1
CUST100167,32,Female,Widowed,3,High School,Unemployed,71799.53518183116,Renter,22,2,6920.491164900316,23817.67071594997,27,0.6951920292209091,0.3267081809564564,10,335.10474609169785,684.7530163619456,1,5,120810.86766885903,0.7913404633589168,0,19,4,3,26,5,10,0.1177345684372392,-405.75107174867424,loss,0
CUST100168,32,Male,Widowed,1,PhD,Self-Employed,20063.011393266657,Renter,26,5,0.0,40159.82653825087,26,0.3579218365508075,0.0793266787652252,6,175.6022135857505,484.7109407047517,7,1,88857.86045309641,1.0,0,15,10,1,0,1,2,0.906880044269792,16.01102053614255,low_profit,1
CUST100169,81,Male,Single,4,High School,Employed,85154.72323354926,Renter,20,2,5818.293585475651,28022.206936177143,59,0.988665930757604,0.4838152965975537,4,120.5810400734311,670.9725455811349,2,0,76739.2314071903,0.6643395612392027,0,11,10,3,189,1,2,0.8512459006771743,-162.1394060507034,loss,0
CUST100170,23,Male,Married,5,College,Unemployed,89761.27048609569,Renter,28,4,3250.4024330459133,14885.096810143106,80,0.2683093985801602,0.4073019687140807,1,97.2707660848165,610.1532018208962,1,3,52818.11573691283,0.5981762006711593,0,14,8,3,176,4,7,0.6488464838722637,19.795956462014203,low_profit,1
CUST100171,39,Male,Married,5,High School,Self-Employed,74240.94698639859,Owner,13,5,4749.730412548561,46355.32598400574,62,0.8022647840450959,0.5780415098034627,10,416.08091215846105,755.7810306351862,5,4,51035.26198433806,0.3376327535299681,1,4,15,3,28,4,8,0.04597232537967,-1160.6924279090788,loss,0
CUST100172,51,Female,Single,5,PhD,Self-Employed,50843.25886935997,Other,27,3,0.0,26260.57394029108,67,0.523103175224674,0.3113299849794214,9,365.9144450298451,752.9692754356731,3,3,42950.12219409088,0.6973003287652404,0,20,12,1,142,5,1,0.0116448673859141,78.83015316827215,low_profit,1
CUST100173,38,Female,Widowed,1,High School,Retired,736.0030093838577,Renter,7,3,0.0,27118.24888556769,36,0.0503507145265439,0.0580610514317784,3,167.242385595701,759.9928729996204,3,0,203075.08323436973,0.8437523703394634,0,18,14,0,127,4,6,0.1187068520536328,210.9363883922269,low_profit,1
CUST100174,81,Male,Single,3,Master,Employed,104721.78410549856,Other,17,1,6486.674572021116,23258.28057763921,12,0.791783285172308,0.177319467291812,9,460.4006107828123,669.7530313511871,8,1,11182.31814587712,0.6340832444750976,0,14,10,2,13,2,8,0.3319726255547317,535.9843697613402,medium_profit,1
CUST100175,78,Female,Widowed,0,High School,Self-Employed,60091.38060460243,Owner,10,3,9369.381697463496,53812.92549572683,82,0.96443368345434,0.4899108270882647,4,196.68569535984557,551.5102031550097,1,0,0.0,0.0,0,15,4,3,27,3,10,0.1959214671518161,698.0679585856648,medium_profit,1
CUST100176,33,Female,Married,3,College,Unemployed,18993.63904753737,Owner,24,4,2752.3459810731647,6597.739478812811,6,0.9266265305373108,0.0,10,463.3101455172359,754.1462728204788,7,3,125915.51603026468,0.4846979198546561,0,16,4,3,1,5,1,0.5532263289042434,-677.470918694867,loss,0
CUST100177,73,Female,Married,5,PhD,Self-Employed,43612.66655242552,Other,26,2,8918.040054025465,421.7686245174264,14,0.387405579220666,0.3366719839558311,9,343.92322205204255,698.4690150827005,6,3,107929.14996010884,0.6239160736828306,0,7,8,3,87,3,8,0.8047968308133768,-201.11551389802204,loss,0
CUST100178,35,Female,Divorced,5,PhD,Unemployed,95897.14504993474,Other,23,5,3414.7042697302995,29453.909209801364,81,0.217342557019659,0.1133464081853607,3,151.84092677201178,655.671774880849,5,5,0.0,0.0,0,20,5,2,181,1,6,0.5622802114514255,-574.6971604938446,loss,0
CUST100179,71,Female,Widowed,0,PhD,Employed,111351.2544042703,Owner,12,2,0.0,0.0,7,0.6702541787669418,0.5942340654987217,3,240.1157866022932,679.0676322848134,4,5,0.0,0.0,0,1,9,1,192,5,1,0.3586824373455808,-369.89324018701154,loss,0
CUST100180,75,Male,Married,5,PhD,Retired,41831.53380789408,Owner,16,3,23260.09713546936,43558.51742678538,89,0.6644935685916236,0.2024177183708594,6,364.5936729208847,850.0,10,2,0.0,0.0,0,1,0,2,51,5,8,0.8299834819551445,770.0544828624553,medium_profit,1
CUST100181,65,Male,Married,2,Master,Self-Employed,68978.77741219476,Other,2,2,18017.41289398798,61230.223934537054,23,0.7350794860262189,0.3064008298131533,1,114.47354515067332,624.6582129653816,8,2,95997.21429391165,0.4644569260495788,0,18,8,0,84,4,3,0.0399405893214298,501.50773528723744,medium_profit,1
CUST100182,59,Male,Divorced,3,PhD,Unemployed,64096.05993248212,Owner,25,3,1346.784486878913,33693.60611729817,68,0.2199620154275574,0.0305747420940606,2,217.6637736141056,602.8385961489348,2,3,170041.39079444256,0.4686211442057208,0,12,2,2,56,2,6,0.3310665366113023,-146.21994155787317,loss,0
CUST100183,55,Male,Widowed,4,High School,Employed,76099.58257581858,Other,11,4,16857.041546629967,44379.06621330133,31,0.904496458487692,0.4992095371611633,9,356.4400897002311,624.3204911430539,0,5,0.0,0.0,0,12,3,3,65,5,5,0.0247057297180288,172.59436874073185,low_profit,1
CUST100184,84,Female,Widowed,3,High School,Unemployed,50319.60483473593,Other,6,3,2491.6698354495265,56563.88283698116,66,0.0823454480485008,0.411246001880132,1,217.9291893868148,745.5887772081608,8,4,266500.23449010844,0.4712963539239714,1,2,6,1,175,4,2,0.2055795679819152,-1164.1395674441687,loss,0
CUST100185,73,Male,Married,0,Master,Unemployed,61710.39374691254,Owner,2,1,7685.92278863257,60569.36852825064,7,0.1779921635554342,0.4015671512579247,4,237.31582706527075,753.8296079049633,3,2,157250.73373098022,0.527009454091423,0,14,12,3,80,1,7,0.6732987323277128,-701.7466230468231,loss,0
CUST100186,18,Male,Single,5,High School,Unemployed,28655.724179368997,Other,3,3,0.0,71124.14259880644,88,0.3013507098448711,0.0793583268556633,1,213.1533503918944,677.8746376414229,6,3,22318.670011107934,0.6614813395618201,0,0,15,1,136,2,3,0.746753911606912,-423.4204387243332,loss,0
CUST100187,55,Male,Divorced,5,Bachelor,Employed,85814.20465079237,Other,27,5,0.0,26657.56572427177,19,0.123235158933499,0.3565159900976599,0,78.81634017400746,675.1308873816453,8,0,210734.5576019993,0.6981949903276503,0,11,6,3,165,5,3,0.160954357564395,686.128923252566,medium_profit,1
CUST100188,46,Female,Married,0,College,Employed,79886.43806002238,Other,14,5,16734.738574853247,33620.43117407414,10,0.2906526675200853,0.0406336104088306,1,66.99039463773275,739.9687951752642,9,3,0.0,0.0,0,11,4,1,25,3,10,0.069808884710957,360.94382548939024,low_profit,1
CUST100189,42,Female,Widowed,3,Bachelor,Unemployed,77590.9205626528,Other,18,2,17382.830714336356,30425.431534721232,73,0.5668618929720926,0.3617666025197927,5,206.6608482776712,850.0,5,1,74075.31794885683,1.0,0,20,13,2,92,2,6,0.8778858295079616,191.06739749937915,low_profit,1
CUST100190,77,Female,Divorced,2,Master,Employed,7177.11722532547,Owner,20,5,12533.416211045324,37623.167697655554,11,0.8417929953382606,0.5579505508165491,2,107.11232664748498,767.3181351269958,10,0,36154.401601622616,0.3551403527421268,0,0,0,3,196,5,4,0.9063035773981832,430.0013279374201,low_profit,1
CUST100191,51,Female,Married,2,Master,Self-Employed,34484.386373721,Other,23,3,0.0,41771.56808841219,18,0.4647011421704528,0.6339809008702812,8,280.0174335552474,739.4671529822981,0,5,0.0,0.0,0,19,5,1,114,2,3,0.566357254599868,-554.7562737269373,loss,0
CUST100192,36,Female,Divorced,0,College,Retired,95898.94459936954,Owner,2,3,0.0,27319.656666541647,48,0.2340186688513191,0.3029376389458394,10,452.2226259863422,621.510168691776,5,3,114828.0433843859,0.5758103702784436,0,14,1,0,166,3,2,0.7037362528476223,-239.84006705669387,loss,0
CUST100193,84,Female,Divorced,4,PhD,Self-Employed,33375.234665936994,Renter,20,4,625.4169967658954,44447.62715655543,47,0.5876788247625272,0.2254333695816466,1,105.43238518424845,850.0,3,4,10036.381438539764,0.6449369451503771,0,11,15,3,154,1,9,0.8820342431885623,-553.1829954341599,loss,0
CUST100194,74,Male,Married,0,PhD,Unemployed,17449.028012009047,Owner,4,2,0.0,0.0,21,0.362222944215091,0.5525168206854364,1,114.5338334481268,644.8141854107553,5,5,305819.9285668252,0.4871504802685222,0,15,15,1,151,2,7,0.0224460381542913,-832.3298969776024,loss,0
CUST100195,23,Male,Married,1,PhD,Employed,106263.29857703629,Other,4,1,25060.92888159123,71230.07153272795,22,0.2582596460167085,0.5416732461186284,2,141.42407714602552,802.4062525811462,9,5,109252.69492011832,0.7556722152333275,1,9,2,1,114,5,8,0.8673023989920944,-1589.9823894068677,loss,0
CUST100196,39,Male,Widowed,4,College,Self-Employed,35454.03349733078,Other,21,5,4966.255425890479,26596.30754950143,34,0.1677217015935986,0.2093543901345449,10,374.9611564840515,769.6387447456715,9,0,145530.52085705107,0.6176813772583695,0,12,4,0,4,2,9,0.8595916920106055,1145.4504687049414,high_profit,1
CUST100197,82,Female,Married,4,High School,Self-Employed,25749.326575994848,Renter,28,5,3063.405407202819,15663.5535879439,77,0.0390365636181282,0.0,8,263.76961796603086,691.7319314157301,7,5,37825.24916167164,0.9026899486484262,0,19,0,3,133,4,6,0.8748243007320037,-495.4627607689642,loss,0
CUST100198,85,Female,Married,3,Master,Unemployed,29274.39527012385,Other,25,5,23540.925663341885,54420.67391050706,13,0.4254893968543641,0.4164195406937231,4,165.58822760471273,677.3515901150168,1,2,0.0,0.0,0,17,13,2,48,1,1,0.5779871458004462,177.24620802724064,low_profit,1
CUST100199,33,Male,Widowed,5,College,Unemployed,92662.4585911256,Renter,11,1,23845.86305934609,60864.87056544378,20,0.4260715890793198,0.2022301156427451,9,418.82233061446425,588.0382566710989,6,4,64088.62469112039,0.2463121268874296,0,8,12,1,105,5,9,0.4824677570068806,266.8017147260276,low_profit,1
CUST100200,65,Female,Divorced,2,PhD,Unemployed,55571.92241103994,Other,12,2,339.6349813175775,0.0,85,0.1190857644961341,0.4027200213139433,3,228.26013478146723,646.7299160338089,2,0,0.0,0.0,0,12,10,0,41,4,1,0.8043693608871741,-511.0123662810581,loss,0
CUST100201,36,Female,Widowed,0,High School,Unemployed,59174.55284848091,Owner,11,1,22722.51596669744,63225.1842909574,78,0.0377553382850789,0.2085807486827456,6,285.9700711210072,639.778793963822,10,4,96877.42560750236,0.4003229121623416,0,19,1,1,163,4,8,0.0107103973754288,239.59812457961584,low_profit,1
CUST100202,84,Female,Married,0,PhD,Self-Employed,82982.40835154071,Other,5,1,17269.332238843075,27996.918470400946,47,0.2392566252873772,0.2592652499646068,0,17.368562514807493,612.2017413243439,4,3,0.0,0.0,0,12,12,1,132,1,2,0.919177421109124,-749.1468732916576,loss,0
CUST100203,54,Female,Divorced,2,College,Self-Employed,71020.96520448534,Renter,29,4,14135.846262332494,13936.420986393105,74,0.0046514515661262,0.5985377137919043,2,79.43568380065935,672.8876398957432,1,4,47863.27056515638,0.4505576641704353,0,3,8,2,177,4,7,0.5631686038049302,-378.2587797052588,loss,0
CUST100204,49,Female,Widowed,5,Master,Employed,86521.3618908315,Renter,3,3,12368.438970924331,24373.448857635733,9,0.3826732459192111,0.3133981434449743,3,141.2934169997838,751.5939217704099,5,3,0.0,0.0,0,16,0,2,63,3,2,0.3989306365974091,-515.0922954588615,loss,0
CUST100205,61,Male,Married,3,Bachelor,Unemployed,83827.94038865481,Owner,28,5,0.0,35871.15864333259,35,0.1827844526404001,0.0286836390753189,10,381.0590259044812,746.6429982433526,3,1,46435.85177025164,0.2769736368188981,0,8,6,1,51,2,10,0.356027373343673,1199.8211505127338,high_profit,1
CUST100206,31,Male,Single,5,Master,Employed,37962.25269605853,Other,30,1,0.0,34011.38394461886,62,0.3711965353836676,0.529727469885743,5,346.6892847501003,598.4178181021603,9,2,56167.98498479716,0.6857633000661145,0,16,8,3,56,5,3,0.0541481712887841,291.1985732543956,low_profit,1
CUST100207,72,Female,Single,4,Bachelor,Retired,65293.24665831676,Other,24,2,1329.721609166777,13448.195587025606,59,0.9765071952370418,0.3172287766092749,8,374.6477570156442,592.7860988014393,0,5,0.0,0.0,0,18,3,2,92,5,5,0.1871524419528498,-249.72882428759493,loss,0
CUST100208,51,Male,Divorced,3,PhD,Unemployed,87118.04523258586,Renter,5,4,0.0,9805.38590580125,55,0.2105324821106563,0.4238308522010395,5,223.37241879584047,850.0,7,1,52079.37076754079,0.4543994117541731,0,18,7,0,184,3,4,0.555340047420701,-48.75884790289219,loss,0
CUST100209,66,Male,Married,5,College,Retired,101246.29257444554,Owner,5,4,0.0,14016.159866994927,64,0.1344716846612227,0.2034512955635934,10,445.81276339697615,604.6671391741288,7,2,62267.03159947955,0.924935691693912,0,18,1,3,25,2,1,0.215467324955896,-96.05875188332048,loss,0
CUST100210,50,Female,Single,3,Bachelor,Unemployed,52429.39493621137,Renter,11,5,2081.887310844559,0.0,72,0.931844575777768,0.4766219554294318,4,196.1177920180627,692.2162802987198,5,5,31952.008640937434,1.0,0,6,5,2,90,3,9,0.4874937443043616,-413.8113573078783,loss,0
CUST100211,75,Male,Widowed,4,Bachelor,Retired,37446.26849714447,Other,30,2,736.4240379445673,52968.91418393509,22,0.6405806527116681,0.3226540821075528,5,268.5528520188569,556.1722021682633,6,0,141922.89345752035,0.4663711828922011,0,10,7,2,81,3,5,0.6053849730241618,897.694670006321,medium_profit,1
CUST100212,68,Female,Widowed,2,PhD,Retired,92401.44197143946,Renter,5,2,526.7810434124885,55620.32723470226,3,0.1250399107320041,0.3135711021054806,3,282.9481439018583,785.277367512222,1,1,98473.28172944748,0.4307286690018252,0,3,3,0,121,5,1,0.026364913366241,283.9927835949346,low_profit,1
CUST100213,68,Male,Single,2,PhD,Self-Employed,90898.82452743484,Owner,20,4,1652.2466789345913,21927.030735160064,40,0.2293559554770329,0.1089754841301293,4,143.00875851001328,742.3599065593461,8,1,256252.4919243145,0.3864934171491454,1,11,10,3,119,5,5,0.5485452744725714,-937.4762292855944,loss,0
CUST100214,35,Male,Widowed,5,PhD,Retired,102366.61666246288,Other,20,5,4203.586087542849,39047.43592499468,40,0.908923151695492,0.087521294370624,7,373.7183217988147,742.8307097207648,7,2,31285.57349954512,0.7971459991359726,0,8,4,2,2,1,9,0.8153797891608882,614.9439759446406,medium_profit,1
CUST100215,35,Female,Divorced,3,PhD,Employed,137686.90926055843,Other,29,4,10796.331732135755,36515.92633164333,97,0.4770670704514571,0.3388768603154672,0,159.59295525092273,664.6833707189312,9,1,83848.38434616911,0.5409197179721941,0,17,11,1,105,5,7,0.3947520796201833,774.5226545980274,medium_profit,1
CUST100216,38,Female,Widowed,1,Bachelor,Employed,99527.9260682388,Renter,20,2,0.0,52797.57122258091,67,0.7645382940766146,0.5634230134679731,9,434.60980271418566,688.1931473008922,4,5,0.0,0.0,0,8,13,1,17,2,3,0.2895952992912854,-437.2243182821048,loss,0
CUST100217,76,Female,Divorced,5,PhD,Retired,98909.83639683329,Owner,10,1,4771.319377011178,10013.955354101785,20,0.0496320722230986,0.1990450157543565,8,396.2369918475278,784.0620026504553,4,2,104673.35682013794,0.5522135801660611,0,14,0,1,23,2,1,0.4935795531957453,-99.5814431762256,loss,0
CUST100218,61,Female,Divorced,3,Bachelor,Retired,48247.25552868535,Other,25,1,0.0,62307.51378938883,43,0.0802230972315839,0.235535906157732,2,206.2513490305425,821.7158520825496,1,4,202131.60519224516,0.7996621796295921,0,6,8,3,3,1,4,0.3847978992106416,-534.2244075897027,loss,0
CUST100219,74,Male,Single,1,Master,Employed,72111.90271009828,Other,21,2,4758.043936090839,11925.962785397438,61,0.3891229605782204,0.3648718563443206,4,169.170897146727,582.0960208840197,0,5,168767.93884615638,0.5070765405403214,0,16,3,2,123,3,4,0.3604266560637919,-553.5377182786862,loss,0
CUST100220,24,Male,Single,1,Master,Unemployed,68498.63614638426,Owner,5,3,2410.9502629592266,41733.876029505496,75,0.1196495920107386,0.205019268675495,3,83.66656948089935,787.1297297457244,7,5,0.0,0.0,0,11,2,1,40,4,2,0.6859446437555913,-1007.3121950820452,loss,0
CUST100221,61,Male,Single,2,College,Employed,118167.86997174854,Owner,15,2,0.0,16445.10058950297,41,0.9816757109638335,0.402781569931783,10,486.774827637456,717.9581781939598,7,5,85063.00992735592,0.6978374260295327,0,12,11,1,64,1,8,0.7066259789280593,-321.42599814247114,loss,0
CUST100222,55,Female,Married,4,College,Unemployed,93290.99525868669,Renter,23,4,9098.186569285124,25174.84690762915,36,0.8676618399571596,0.4345147402405462,9,418.2067222112354,850.0,1,4,36736.62536174264,0.4050941390658716,0,9,8,2,116,1,9,0.3790435696665774,495.3557978797304,low_profit,1
CUST100223,41,Male,Divorced,4,College,Unemployed,56388.56508139205,Other,2,5,0.0,46948.43354300843,50,0.1898694524472188,0.1929343628092154,10,410.0484774067976,690.9466717695839,9,2,83198.03305690145,0.6380999359558133,0,20,10,0,24,5,2,0.0437772634267311,186.438774202632,low_profit,1
CUST100224,34,Male,Single,1,High School,Retired,46935.408882904696,Owner,3,1,10131.057981760829,24809.066448321657,74,0.6417516681276226,0.4477620961775006,6,294.63954801998045,761.5367484013053,9,2,0.0,0.0,1,7,2,0,53,4,2,0.4680591434316332,-757.6370319427085,loss,0
CUST100225,25,Female,Widowed,2,High School,Unemployed,43921.09664657856,Other,1,1,13080.57798281145,37345.746268026815,39,0.0779353748604914,0.6676367353590245,3,123.24145239464626,677.6534017628148,3,4,15068.320388180247,0.5961160788224534,0,6,7,1,142,5,7,0.7461083762758536,-699.916036007328,loss,0
CUST100226,63,Female,Widowed,0,College,Self-Employed,83998.2570582615,Other,12,5,0.0,8926.35161707292,44,0.6575318810207877,0.0864394156841613,8,368.4771197639201,795.0307591973576,5,2,221061.3372581925,0.5791101562925057,0,10,11,3,195,4,6,0.608413370257039,-115.49565294433984,loss,0
CUST100227,45,Female,Divorced,2,Master,Retired,62101.56489339544,Renter,0,1,16618.783026081903,11452.93731618852,37,0.5957628266237858,0.347673796546957,8,388.87176826478014,797.519762978243,0,2,100109.41699398452,0.6379163233197487,0,6,10,0,197,3,9,0.511271488341116,517.9224680226839,medium_profit,1
CUST100228,37,Male,Single,3,Bachelor,Self-Employed,0.0,Owner,8,3,11778.753195309077,16918.486337451526,75,0.2498569058849971,0.0,4,150.82399372838086,751.120259952498,6,4,187365.85451629577,0.5725102970744615,0,2,10,3,44,4,10,0.8195152648363683,-372.7836653430341,loss,0
CUST100229,30,Female,Single,5,PhD,Retired,108368.34773965937,Owner,24,1,18149.144535840474,62799.29058742786,99,0.334389644473271,0.4484254982143784,6,348.5575221473192,707.5433638901593,3,5,0.0,0.0,0,19,0,3,13,3,9,0.0411822521635631,35.105136896016816,low_profit,1
CUST100230,37,Female,Married,1,High School,Retired,34702.60214051425,Renter,24,5,26709.427174978136,26482.28375135327,74,0.5047293461120348,0.3246409613568971,3,245.2317298021761,755.1485376040467,2,1,54360.24463724537,0.9390102080861508,0,15,1,3,67,1,7,0.5018231156057946,728.6814452924655,medium_profit,1
CUST100231,34,Male,Widowed,4,College,Retired,65838.22365711728,Renter,20,5,0.0,3599.549775585885,26,0.5611676098108055,0.1776461818189429,8,234.02846330878603,696.2963202951588,6,2,7069.777548274004,0.4615158040252287,0,18,2,0,171,4,7,0.3652676444374609,65.96937201280593,low_profit,1
CUST100232,42,Female,Divorced,4,High School,Unemployed,57506.83282113916,Owner,11,5,0.0,45201.11927379205,57,0.6231821562783306,0.3164879505869006,7,341.775812591559,554.244850053507,3,5,19079.092295013656,0.4495687188818833,0,2,3,0,62,5,3,0.8687523516449686,-406.2586283259503,loss,0
CUST100233,54,Male,Divorced,5,High School,Unemployed,100213.51338069432,Renter,15,1,0.0,32300.521582948342,43,0.2090095411242021,0.2679734408866719,8,326.23486787794,767.1340076450466,4,4,71319.66282376891,0.4496061336522361,0,4,0,3,149,5,1,0.2554563445621702,-485.0905781557744,loss,0
CUST100234,25,Female,Married,5,PhD,Unemployed,36119.22429589533,Owner,14,1,15760.071385985982,30426.232973438844,9,0.3886451472369792,0.6802381371506014,4,309.09302149790074,693.933918618538,5,0,0.0,0.0,1,20,12,1,97,5,2,0.9038720601458546,-1144.265235081977,loss,0
CUST100235,80,Male,Married,1,PhD,Retired,5905.80971232165,Other,29,1,0.0,35342.53302022967,6,0.2473921397497512,0.4017450046459868,8,322.3807709318812,541.8809297967866,2,0,139503.83140761155,0.5033877896633121,0,11,11,2,60,5,5,0.8118928600997455,316.69875299143985,low_profit,1
CUST100236,50,Female,Single,4,Bachelor,Self-Employed,108366.61884766271,Owner,10,4,13968.39315865532,24629.387041883358,85,0.1372606760844216,0.1217615549169424,6,316.84204995726066,484.8184598670695,10,5,0.0,0.0,0,7,4,3,79,5,6,0.4491691853272449,-357.2341084511316,loss,0
CUST100237,34,Male,Married,4,PhD,Self-Employed,30384.61418546448,Owner,9,5,3687.430329076953,31537.037659175363,18,0.4300642981803848,0.2550288036383842,2,176.0934925234543,634.999741917654,2,2,66865.46719667278,0.6883881299138818,0,17,3,1,81,2,1,0.7654350125691849,-555.5706084827038,loss,0
CUST100238,70,Female,Divorced,3,Bachelor,Self-Employed,102327.9713923881,Owner,3,2,4014.118677157383,30376.99245889695,24,0.0261982214633187,0.4416428846513114,9,401.6460877465177,723.3216131263501,9,1,145313.66339132452,0.6574248330403648,0,7,0,2,20,4,3,0.5023245874504613,10.606664028735338,low_profit,1
CUST100239,78,Female,Married,3,Master,Retired,70845.10575618305,Owner,5,2,0.0,32171.194115530463,29,0.0322295532270457,0.2933540018711078,0,190.03960849798324,679.1883142727461,3,5,37146.248856106926,0.2236301909004721,0,6,6,0,45,4,10,0.4899428985108636,-643.8317165494577,loss,0
CUST100240,59,Female,Married,3,Master,Employed,62785.34703423344,Other,23,4,6598.563919974004,9446.497181480838,93,0.3128974914114975,0.5531415681729401,9,423.90941221701553,613.38251517855,8,4,146945.72005267369,0.685438872374337,0,1,3,3,116,1,4,0.5187026525875117,-79.93075061178737,loss,0
CUST100241,68,Male,Widowed,4,High School,Self-Employed,113259.32677828537,Renter,14,4,0.0,48383.08347220003,39,0.7736770125301257,0.5001164636085956,4,202.9463230486468,632.9379790923355,9,0,189246.53000643288,0.5499906970802094,0,4,14,3,23,5,2,0.1797713918889398,404.0586797384336,low_profit,1
CUST100242,35,Female,Widowed,2,Master,Employed,67809.65516313662,Owner,14,5,3656.9125852945217,46216.16546319564,92,0.8957949072266519,0.4586977441104426,7,246.1275323171112,525.1468026761819,10,5,180434.0242878153,0.2675016023928651,0,3,2,0,180,4,6,0.0853065440343119,260.9314080373137,low_profit,1
CUST100243,67,Male,Widowed,4,Master,Employed,93801.1541048275,Owner,29,3,0.0,21783.714240908303,73,0.8713054035569007,0.0788590663028128,2,82.16395671032163,678.5078969711265,0,3,19196.57158142588,0.755932106453868,0,14,9,1,30,2,4,0.0035328985941434,376.2604107419992,low_profit,1
CUST100244,50,Male,Widowed,3,Master,Employed,101870.51432369868,Other,28,4,0.0,25815.56252510945,31,0.2168738438849323,0.0,10,379.6014721225866,619.4129933503812,1,4,146485.16330974575,0.9231165647096464,0,7,8,1,12,2,3,0.0550639380013709,22.0702430696156,low_profit,1
CUST100245,62,Male,Married,0,PhD,Unemployed,42226.07222541317,Renter,29,1,4735.94243041073,35603.22317639214,7,0.1088876457285651,0.1380792960156707,2,110.10281350955188,742.406104446409,10,5,2616.065292908388,0.5971095458243442,0,18,5,3,191,5,6,0.9314798193860055,-829.4353257490835,loss,0
CUST100246,29,Female,Divorced,2,Master,Employed,60192.66809432813,Renter,26,5,636.1410947343138,27807.803921483384,9,0.2928327133567395,0.2823274081589329,2,224.32205281239817,662.9988970117872,5,4,24120.39373328976,0.9197294341009434,0,6,6,0,27,5,9,0.9871892637585828,95.82680051036876,low_profit,1
CUST100247,79,Female,Widowed,4,Bachelor,Unemployed,51135.59045912519,Other,18,5,11969.544045107355,23323.6102048798,46,0.9271053681501236,0.5346249275173283,9,379.5782504268934,736.9642192198094,10,3,39269.78559957711,0.6895433851620555,0,5,7,2,49,1,2,0.023986797518176,123.9360926153779,low_profit,1
CUST100248,33,Male,Widowed,3,High School,Unemployed,26196.97593270584,Renter,17,2,0.0,32858.86189527414,2,0.6406183108775849,0.6465029998970184,4,123.74391356976577,850.0,4,4,113805.11014407572,0.7001688949888913,0,0,3,2,87,4,10,0.6159933429964842,-728.2673288263181,loss,0
CUST100249,21,Male,Married,2,Bachelor,Retired,43719.78600797935,Renter,25,1,0.0,17583.048034977677,83,0.1357538959495389,0.266371236283042,2,240.95567511213736,652.7909422302872,8,2,0.0,0.0,0,13,1,2,144,3,9,0.535885475715387,271.3147744859302,low_profit,1
CUST100250,44,Female,Divorced,0,College,Unemployed,27817.709227805804,Owner,10,4,7392.468641111495,71481.65339499948,81,0.5342731762111617,0.1161230816827152,2,139.33288760177464,446.971247725367,9,0,21399.57781198892,0.8201919269997142,0,9,10,0,69,4,2,0.4970544343966896,773.1422432975844,medium_profit,1
CUST100251,48,Female,Widowed,2,College,Unemployed,23113.51216642749,Owner,3,3,9966.992232365215,20693.790864398936,5,0.7777903914607942,0.2788103291391728,1,34.4246958558634,850.0,7,4,0.0,0.0,0,10,15,2,198,3,3,0.7694813972100539,-982.1147136365169,loss,0
CUST100252,30,Male,Married,5,High School,Retired,74030.795152963,Renter,22,5,15857.863249393473,31959.663069417908,15,0.0041098692341245,0.3616101079008205,0,118.85751615744098,660.8351432578208,1,2,76912.69412451073,0.5313615449005179,0,1,3,2,5,5,5,0.6388508520434467,609.9345282477602,medium_profit,1
CUST100253,44,Female,Married,1,Bachelor,Unemployed,48911.68991869098,Other,10,4,8771.003939021864,29414.743726300432,86,0.1176508387375936,0.5252100501544337,2,76.04199907574116,694.8606276411514,9,4,0.0,0.0,0,6,11,2,69,2,5,0.5740829426409682,-294.2834034028164,loss,0
CUST100254,39,Male,Divorced,4,Bachelor,Retired,32828.03097412143,Owner,4,1,0.0,18086.77411913016,61,0.9032924076579208,0.5748876186341635,0,10.759975144445267,486.4325786021304,6,3,363774.85336599936,0.8112113618132104,0,19,14,2,79,3,4,0.7128986847281645,-1143.2135534196836,loss,0
CUST100255,28,Female,Married,0,Master,Employed,58353.17998151141,Renter,9,4,7855.54074857657,40422.44856758676,61,0.2316942136544605,0.4290431171900114,3,258.4518228413262,755.5604466003449,4,2,58958.06812552488,0.5605323159385347,0,10,10,3,124,1,2,0.4753343620366383,-219.00601995465263,loss,0
CUST100256,62,Female,Widowed,1,Bachelor,Unemployed,54152.75158941957,Other,18,2,16337.700968670646,41871.13444561724,66,0.1029322103089539,0.0,1,158.14897984077254,765.5900776529761,4,4,69473.6194718775,0.5962582487108204,0,18,13,1,158,2,9,0.1590202895841875,-93.15808460626602,loss,0
CUST100257,79,Female,Single,2,College,Retired,93723.3815995804,Renter,18,3,14475.264621228578,14542.446643527815,70,0.6941331568073803,0.381410457424907,2,78.83112565625841,602.8343265458714,9,3,0.0,0.0,0,19,14,2,142,1,8,0.1761740022006311,-136.3706463378982,loss,0
CUST100258,69,Male,Single,5,PhD,Retired,85871.80417148277,Renter,15,1,14531.250453760867,40261.708401945856,12,0.2176117734390019,0.4450191573695994,2,248.3964316741605,751.6178287114958,10,0,0.0,0.0,0,4,14,2,99,5,10,0.4471597686087087,827.6978695512942,medium_profit,1
CUST100259,44,Female,Divorced,4,Bachelor,Retired,84012.28575683048,Other,29,3,12542.913298135743,53778.26742949286,12,0.5827269778260532,0.4416607694402127,9,394.617431577038,735.1448207541583,2,2,157015.02383164276,0.594695748150188,0,17,1,0,180,5,6,0.1096983169112193,798.2638945954302,medium_profit,1
CUST100260,54,Male,Married,3,PhD,Retired,55107.99108168708,Other,10,4,0.0,16496.43450051237,52,0.3815650450824949,0.2710962658568964,8,251.57930722812776,620.7580079000039,2,1,19203.847036095973,0.2212770666092428,0,11,13,1,73,2,3,0.0116027524452357,298.54466356178466,low_profit,1
CUST100261,20,Male,Widowed,5,Master,Self-Employed,60036.16426086672,Owner,4,4,0.0,43184.9133686481,59,0.8935824691424401,0.4875140275253117,9,433.37768744135536,539.2440135631026,7,4,0.0,0.0,0,14,12,2,57,2,7,0.6045732573228328,-747.7012469166541,loss,0
CUST100262,81,Male,Divorced,3,PhD,Unemployed,31802.90696673406,Owner,1,5,13294.748419317484,26123.47722454393,62,0.7048825425548747,0.2470970317378778,1,223.15023774590185,499.61376355932464,1,1,113541.80302092264,0.3521483210293055,0,16,8,3,132,1,9,0.8899154783045545,-97.12310000002611,loss,0
CUST100263,29,Male,Widowed,5,High School,Unemployed,68321.30813874575,Other,1,3,18606.58595838651,3823.592017617757,69,0.7785271332471325,0.0,7,387.9934503118165,718.3849544753695,9,5,230051.11815108536,0.8477892705878874,0,11,9,2,42,1,10,0.7494252793794187,-424.3342790164917,loss,0
CUST100264,51,Male,Widowed,4,College,Employed,45250.91443103858,Other,9,5,13071.225966373104,10529.076005910629,4,0.2868156543728722,0.3952715538712438,1,41.64066527295865,750.5470159166626,4,2,156020.99074988798,1.0,0,8,8,2,3,1,10,0.1746138476590177,364.4923686377039,low_profit,1
CUST100265,37,Female,Divorced,1,Bachelor,Self-Employed,44731.09122877504,Renter,5,5,4744.256878080056,0.0,5,0.342847995341358,0.1610573737821883,1,153.78227470993303,659.0717561886896,2,3,0.0,0.0,0,13,12,1,169,4,3,0.2108567474615379,-261.5588958237154,loss,0
CUST100266,62,Male,Divorced,0,High School,Self-Employed,35327.40202853398,Renter,12,4,16210.306673244717,30004.141298363946,39,0.4762662406723986,0.2981399357722771,8,355.3948966525914,667.2105283487082,6,3,65519.06838589792,0.7650196529335269,0,16,13,0,73,4,7,0.678493405250375,-57.7443136213478,loss,0
CUST100267,85,Male,Single,4,Bachelor,Retired,40256.5053277423,Other,29,3,1962.7397122333527,3082.5815305357028,43,0.270326117180942,0.1361484280557004,1,144.38880596141655,652.3779126455341,7,5,137438.91807127275,0.652512265800385,0,18,6,2,173,2,6,0.5476125554038433,-536.1881898945871,loss,0
CUST100268,19,Male,Single,3,High School,Employed,85526.93886503916,Other,14,3,3626.2821160060334,37809.29699857779,29,0.7252506560332851,0.2793556494135007,4,112.46327582926388,726.5362349399628,1,0,0.0,0.0,0,6,3,0,22,5,3,0.3759584401279287,74.77320529517357,low_profit,1
CUST100269,41,Male,Married,2,Bachelor,Retired,55971.62513441088,Other,29,1,19227.4813609994,48524.30804483185,82,0.4534437650642945,0.4930794969182341,4,269.2186635565581,823.6130721806218,10,2,58865.75909614375,0.6394631414811192,0,2,8,0,97,4,6,0.9959585671131213,468.2302532675264,low_profit,1
CUST100270,51,Female,Married,3,High School,Retired,50517.8143191885,Owner,19,4,11157.711497711414,54077.688743376326,23,0.6454831770960785,0.2721107448638001,1,180.18019066495475,654.9810735148588,3,4,50052.79588565973,0.720241349785823,0,14,8,0,8,1,2,0.5713445598449196,-475.5910082107967,loss,0
CUST100271,50,Female,Single,3,College,Employed,0.0,Owner,21,4,0.0,5585.751481716827,35,0.1516074739400684,0.1983719604705378,5,285.1589275174384,685.2219681182529,8,5,4675.159097698663,0.8904935068941491,0,15,15,3,103,1,9,0.2258468419559848,-472.41554054009015,loss,0
CUST100272,67,Female,Single,4,PhD,Unemployed,69014.23078832484,Renter,21,3,11222.07144043402,7223.337644384617,52,0.0551946731826105,0.5078223574840537,10,365.99195679429135,692.423571346454,5,0,117048.06172412126,0.3856285533919689,0,9,6,1,141,1,7,0.6607340886518595,553.328818862154,medium_profit,1
CUST100273,56,Female,Single,5,Bachelor,Retired,84536.68974075085,Owner,28,4,8764.095260975166,11958.968912849792,95,0.1894644956286471,0.1260673837450611,0,143.94780694899492,812.543478441477,9,1,0.0,0.0,0,2,9,3,136,4,1,0.0370426799303673,983.779652595258,medium_profit,1
CUST100274,25,Female,Single,3,High School,Self-Employed,32981.37796056394,Other,21,5,11383.919256083833,23427.63048502031,59,0.9400897896146612,0.4206374862164686,8,327.7854328295681,645.5885997885807,1,0,33720.70939277058,0.6081838350791442,0,15,0,3,158,1,4,0.7012968111692847,362.3592991708719,low_profit,1
CUST100275,34,Male,Married,5,High School,Unemployed,82224.73036260378,Owner,14,5,0.0,25428.00169319963,22,0.835352156989593,0.1011301250782975,1,54.44424182929573,443.76663412046895,7,4,30897.2237399831,1.0,0,7,2,1,109,3,7,0.3242349410116854,-58.52764073433846,loss,0
CUST100276,35,Female,Married,0,PhD,Self-Employed,59422.18860796816,Renter,2,1,2371.091707917323,30449.317856240927,36,0.1412368026193237,0.409423823035042,6,234.0685198639281,581.9187184691156,2,3,161432.1694668872,0.7430762630882488,0,18,1,1,25,5,7,0.7776616376471047,-514.2811310517228,loss,0
CUST100277,20,Female,Single,0,High School,Self-Employed,73154.27216429182,Owner,22,5,5196.166576939899,43457.2247193364,37,0.4162222422175371,0.4183628267482756,7,264.6971268765631,664.5959289058976,10,2,0.0,0.0,0,13,7,1,156,1,10,0.1800004669815208,662.1457561412899,medium_profit,1
CUST100278,81,Male,Divorced,2,Master,Employed,106470.60454485564,Other,7,2,0.0,649.494684951198,16,0.9866035247608944,0.3329521682473033,1,203.7354214179863,705.0887701856018,8,4,67334.16643704083,0.6487906395817,0,20,6,2,13,2,2,0.7966129716427431,-1097.7409107854903,loss,0
CUST100279,78,Female,Married,1,High School,Employed,104695.90315806246,Other,11,3,0.0,13430.059504395082,27,0.4346716422690583,0.2793490479701905,5,333.8568861927039,535.6811188845833,7,0,32414.559556792883,0.9322940331456036,0,1,5,1,7,4,9,0.1160650854621789,934.6975442788694,medium_profit,1
CUST100280,48,Female,Divorced,3,College,Unemployed,66921.0271715605,Owner,24,1,0.0,17672.77183921045,42,0.2277820639168033,0.2249607239352126,3,271.1096965698081,668.2284903243766,6,1,178164.37950037688,0.7115382121450249,0,18,15,0,111,2,4,0.9278871164428708,-233.20442586747316,loss,0
CUST100281,76,Male,Widowed,2,College,Retired,67395.14335296015,Other,6,3,9982.217484967852,52802.98077042533,35,0.2022108907691489,0.6161081373136748,2,164.37505845557567,598.4905808172132,4,1,0.0,0.0,0,14,14,3,43,3,4,0.8864089719590657,-633.3055062545632,loss,0
CUST100282,38,Male,Married,0,Master,Retired,52979.40422679056,Owner,18,4,9663.583744463343,49746.69033178204,60,0.2791708783395875,0.2848097952714954,6,243.501566960828,668.0152476745156,5,3,65175.799224874034,0.4329714196739953,0,18,4,0,106,1,1,0.9912735035319076,162.02363864988638,low_profit,1
CUST100283,82,Male,Widowed,4,Master,Retired,11770.16918645824,Other,26,1,6847.405788957245,70472.12438459278,58,0.4952850434222183,0.3013599689119995,1,33.06946796300079,680.9960964998505,6,1,14255.45771895728,0.5639216636475184,0,9,7,0,4,4,5,0.1618028335519469,785.4560310879365,medium_profit,1
CUST100284,76,Male,Widowed,3,College,Retired,0.0,Owner,25,3,20334.337012963253,1520.8569509970985,81,0.464295787393317,0.246669534153117,10,375.597369672194,657.0755579701338,6,5,108855.32697707198,0.2803751296232504,0,1,9,3,192,3,10,0.542435106450538,198.50108992257867,low_profit,1
CUST100285,44,Male,Divorced,5,High School,Unemployed,120729.28869860558,Owner,3,4,0.0,33794.12335220791,47,0.4653528751368332,0.1676035644406781,0,35.05348063733078,742.5887206193036,8,5,51914.777741575206,0.471702618191138,0,6,4,2,61,5,2,0.6490384003407765,-981.1619738602373,loss,0
CUST100286,44,Male,Divorced,2,Bachelor,Retired,114130.4432936023,Renter,1,1,3090.962082727013,44395.15884296364,48,0.3452265817851621,0.0413454084257672,7,376.013471941722,604.3563623181991,7,5,97240.62778803772,0.896823205707193,0,17,9,3,158,3,2,0.1883535824112833,-921.090964558645,loss,0
CUST100287,76,Male,Single,3,College,Unemployed,50608.25908430537,Owner,3,2,4992.914054233541,4991.845320605651,36,0.1120245806655444,0.4209030652710733,2,234.9252026070743,788.233306232341,8,5,4790.966716691961,0.5059915704480997,1,13,4,3,88,4,8,0.7377092439285251,-1975.2872332578024,loss,0
CUST100288,20,Female,Married,0,High School,Self-Employed,46898.40791878213,Other,20,3,4338.673853741775,71994.43578333031,53,0.5787046055703794,0.2505948598508006,10,379.86640539699874,664.1659847978777,9,5,0.0,0.0,0,17,14,3,77,5,3,0.8982819228570779,-791.7642767379352,loss,0
CUST100289,57,Male,Divorced,1,Master,Unemployed,54563.27480345691,Renter,24,1,0.0,56426.08064546024,19,0.3531208953587862,0.5839206009027275,7,365.6610158568005,639.9576434261295,2,5,0.0,0.0,0,5,5,1,41,2,2,0.0411514564884679,31.151300383407857,low_profit,1
CUST100290,58,Male,Widowed,2,Bachelor,Self-Employed,39461.10522719988,Owner,17,1,12906.255991627688,0.0,86,0.3169437645228398,0.4785194676598618,5,222.0830300943484,578.8828070719219,2,4,123076.41190665244,0.6028546135672868,0,0,12,3,196,2,8,0.9278112897293116,-650.0242735898826,loss,0
CUST100291,37,Male,Divorced,5,Bachelor,Retired,47788.91061219659,Renter,30,5,11863.184569567007,32117.889062304683,86,0.1470834746925247,0.4168825960944968,9,475.0273612144617,850.0,5,5,0.0,0.0,0,15,1,1,173,5,2,0.3080822007715373,559.4813778259546,medium_profit,1
CUST100292,69,Male,Widowed,2,High School,Unemployed,63130.67812569639,Owner,19,2,0.0,3393.7274852202027,75,0.5264338420491207,0.2621759218445932,4,124.54653701621594,792.165011192446,7,5,37245.08796224658,0.9022309860494696,0,2,12,1,125,3,10,0.6050778218474674,-795.0968337921333,loss,0
CUST100293,25,Female,Widowed,1,Master,Unemployed,59637.33156461836,Renter,11,1,0.0,37272.63765249936,37,0.3449202131580936,0.47737747801946,4,313.96129228196776,657.9238206318946,1,1,0.0,0.0,0,14,13,3,73,2,7,0.7286055154832365,-230.9145045357332,loss,0
CUST100294,71,Male,Single,1,College,Unemployed,73102.15655200528,Renter,27,5,9042.947549616976,54715.64383644308,43,0.0661157811667992,0.0857892640701902,9,310.7399205501622,768.021610545045,6,5,169250.7512477975,0.2442824831986966,0,13,5,3,181,5,3,0.1992575614601851,-80.9973874517902,loss,0
CUST100295,66,Female,Widowed,0,Bachelor,Unemployed,44874.60506976985,Renter,17,4,4184.773268983541,36953.52967076673,29,0.0268400146903063,0.2025542871772895,0,60.03388159875063,632.4291920838389,10,5,53415.24174880246,0.3825508122274395,0,20,9,3,45,4,4,0.0284425848674375,-972.7823661625646,loss,0
CUST100296,53,Female,Single,4,Bachelor,Retired,80381.1984886951,Other,13,3,0.0,43326.25001818424,81,0.6859128361645394,0.3925182585707902,1,175.32347627116735,527.4193271209404,0,2,0.0,0.0,0,1,4,2,118,2,6,0.163308851814928,442.8721294618729,low_profit,1
CUST100297,52,Female,Widowed,5,Bachelor,Employed,30565.034065809552,Renter,9,5,355.9573769061235,39241.21786503793,82,0.9363170197369656,0.4566781018565191,8,341.11117704186506,674.8461113955505,1,4,0.0,0.0,0,17,10,2,175,3,5,0.6854437194613181,-394.45252874516063,loss,0
CUST100298,64,Male,Divorced,1,High School,Self-Employed,112166.98991392736,Other,9,3,14788.580507817956,31706.36285130048,100,0.4848990247547217,0.1383468556718147,5,203.65119737403816,616.9555593443434,3,1,102251.41052657575,0.6836796441777367,0,6,3,3,117,1,2,0.8188447440507423,327.4871440082392,low_profit,1
CUST100299,20,Female,Divorced,2,Bachelor,Self-Employed,79513.50277608418,Renter,28,5,0.0,51038.95235445837,67,0.7635895458617169,0.1003878745371174,5,194.5472098234791,661.6028728047648,1,1,75020.02062516945,0.9991334979567928,0,4,7,2,32,2,3,0.9811095675722132,850.4896400145288,medium_profit,1
CUST100300,72,Male,Single,0,Master,Retired,78201.69177408548,Owner,6,1,3168.0338127961213,40690.11296961101,5,0.7930551816507342,0.4775310851747672,8,341.2705620268409,667.9332374442808,4,0,229521.13559123225,0.6460141518382804,0,0,3,0,154,2,10,0.9011748671533496,631.794114298453,medium_profit,1
CUST100301,41,Female,Single,0,College,Unemployed,79977.72756163384,Other,11,3,9215.866106144556,46778.81000939224,21,0.8551380820619643,0.1765493626906153,9,360.8110984348449,644.1698246053969,1,4,0.0,0.0,0,16,6,1,72,2,9,0.0043289286909989,205.8419298979157,low_profit,1
CUST100302,30,Male,Widowed,2,PhD,Self-Employed,83368.09510536342,Renter,21,1,9577.728661518857,63489.84866695075,24,0.8347421538444038,0.2988807962341906,6,278.2957114157623,766.8741655592513,6,0,0.0,0.0,0,10,3,3,28,5,3,0.4958160203864699,377.89042906338767,low_profit,1
CUST100303,64,Female,Single,0,Bachelor,Retired,80866.13272697333,Owner,12,3,13491.02110743144,24120.661046716355,59,0.600389508427489,0.2856801496283866,4,295.69989746688555,548.2126253319191,3,4,14297.079919339065,0.7780766327039572,0,13,6,0,121,3,3,0.0127858444953211,260.0345333161403,low_profit,1
CUST100304,80,Male,Widowed,3,PhD,Employed,75019.97164143629,Owner,4,4,5497.7368718096,30141.26317256353,52,0.6950371160399706,0.1679357721053105,1,210.899847707328,769.8828420202535,2,0,92097.294438939,0.6984037695985599,0,6,10,1,152,4,2,0.2328696387865328,319.2327688581737,low_profit,1
CUST100305,72,Female,Divorced,5,PhD,Unemployed,0.0,Other,30,4,15971.527117536956,20423.25087983192,46,0.4758262832960263,0.1274448471913758,9,508.01713394602007,769.3478911913994,8,2,10798.736008087042,0.8119872768093244,0,14,3,0,64,4,8,0.2308217929927335,1290.4379697157322,high_profit,1
CUST100306,35,Male,Single,5,High School,Employed,80507.07969601432,Renter,21,1,0.0,54238.87970772801,23,0.3826329827650183,0.3522501062467712,10,343.2461108242498,663.0722860753797,9,0,64338.84673422511,0.2447529534203359,0,16,15,3,51,3,8,0.4902503602563943,330.3585726882011,low_profit,1
CUST100307,51,Female,Single,0,Master,Employed,29118.854754537853,Renter,14,3,0.0,0.0,49,0.4425561462317127,0.5225376749979851,0,111.33331009657832,637.0736606307212,4,5,203372.77099164992,0.4928397073895404,0,13,4,2,183,4,8,0.7640111380024402,-1248.024995668693,loss,0
CUST100308,80,Female,Widowed,4,College,Employed,26504.266801540223,Renter,8,4,17358.116200069388,26882.03644126665,76,0.9708707584276624,0.1903425407018797,9,439.178054014633,716.0018225852788,4,2,100178.27361675452,0.8234797631804922,0,18,1,1,93,3,10,0.0268998426585943,1024.094569466849,high_profit,1
CUST100309,61,Female,Single,3,Bachelor,Unemployed,49206.94062632743,Renter,11,1,0.0,21730.69677753448,85,0.2442288864226186,0.3520561013165772,3,212.94881810509665,603.6241073789389,1,2,0.0,0.0,0,5,0,2,9,4,7,0.568049404880105,-63.11136739865145,loss,0
CUST100310,71,Female,Single,5,Master,Employed,58540.42945288646,Renter,12,5,5327.969954115865,14830.093305998613,50,0.3224213687519628,0.2539198571588465,1,53.09460232448858,607.5766855731696,10,1,139019.8411124787,0.8070498669447506,0,16,10,1,157,3,6,0.9694277527629668,-510.7570179694097,loss,0
CUST100311,43,Female,Single,4,College,Unemployed,32114.6741942277,Renter,1,3,0.0,16999.521311862038,74,0.40202735218855,0.2833124060419278,3,285.32538138835287,555.035478030147,9,0,0.0,0.0,0,8,2,3,109,2,6,0.7956517493476092,-286.1772935075238,loss,0
CUST100312,56,Female,Widowed,5,PhD,Unemployed,66218.01988196831,Owner,13,4,5693.4433703625045,15565.248933254934,33,0.6249638759744854,0.3353641744278796,7,331.52171514601355,645.3319915412735,0,5,22834.48896739467,0.9346904180597074,0,5,15,1,169,4,5,0.9371629255855556,-338.88064999947653,loss,0
CUST100313,73,Male,Married,2,Master,Self-Employed,21012.56289217207,Owner,4,3,13297.324178791743,46227.93108983184,56,0.4102602624792841,0.0703473422494763,1,200.5326714703683,781.8777643754861,4,2,203793.1918412553,0.3754910387511172,0,8,7,3,61,1,3,0.191916011480273,-266.9668520046139,loss,0
CUST100314,49,Female,Widowed,3,PhD,Retired,90529.84400530509,Renter,20,1,7714.95310825648,41029.52550479047,26,0.1593584885650274,0.3681178432800993,2,208.5168053647546,739.0695920928144,4,5,0.0,0.0,0,20,1,3,200,1,1,0.8595840029158106,-806.9827485984264,loss,0
CUST100315,28,Female,Divorced,0,Master,Unemployed,95087.6997728332,Other,21,1,2706.0925593197226,29130.46100372275,51,0.9431621420369332,0.0,2,168.91549892078882,751.4254756017835,8,0,107205.7441714144,0.5875617966001377,0,18,8,3,23,2,10,0.1222768334537064,691.8573051272638,medium_profit,1
CUST100316,58,Female,Widowed,5,College,Retired,49977.683070601786,Owner,4,1,10646.059258936002,9606.713226157688,23,0.2141086382413168,0.2952895698251523,4,168.44020060386515,682.5645742097164,9,0,72530.79220409416,0.5260946142333283,0,11,3,2,139,4,8,0.6827384475346407,118.67532595153304,low_profit,1
CUST100317,53,Male,Divorced,3,Bachelor,Unemployed,84781.41514324519,Owner,20,5,632.3576276178255,0.0,5,0.8414729665178784,0.6499167808410842,10,340.8286007659235,838.1454078690487,10,1,0.0,0.0,0,12,9,2,175,1,9,0.8669529351322494,442.7222619444394,low_profit,1
CUST100318,74,Female,Single,3,Bachelor,Unemployed,44910.7568834597,Owner,29,2,7634.872153310596,35884.48258026988,39,0.2103864912645274,0.2531184399367356,2,194.58835655610105,621.6234334413604,10,3,0.0,0.0,0,8,2,3,120,4,6,0.7173860179064124,-239.734835543682,loss,0
CUST100319,30,Male,Divorced,4,High School,Unemployed,35045.333753086656,Renter,19,5,4328.217099506447,15684.800217784965,95,0.3267683420573305,0.4364104131425239,0,128.27455944060162,848.7246155335927,2,5,0.0,0.0,0,20,4,0,102,2,5,0.3137218026504617,-319.09576603433806,loss,0
CUST100320,28,Male,Married,1,PhD,Self-Employed,74990.55330908802,Other,21,4,9720.022709192745,31519.105358321747,41,0.4514898991462995,0.4485364836719444,2,192.7069719290261,748.2248952680657,5,2,0.0,0.0,0,13,11,1,100,4,10,0.2244871334786312,728.685625560508,medium_profit,1
CUST100321,20,Male,Single,3,College,Unemployed,86618.72511800226,Other,27,2,0.0,30758.75670895204,7,0.4010349111110273,0.4366657985622139,6,215.8738040433952,679.0686180420638,5,1,157297.80477660117,1.0,0,3,0,3,197,4,8,0.1185123490131194,491.0391481278412,low_profit,1
CUST100322,44,Male,Divorced,2,Master,Retired,18568.661905386754,Owner,13,2,8038.185956048757,44431.25010252287,77,0.2155665978432256,0.2538267252310462,4,166.94095664287914,845.3260663321034,2,3,0.0,0.0,0,0,9,2,60,5,8,0.9073282349729386,-178.80705521090613,loss,0
CUST100323,65,Female,Single,0,Master,Self-Employed,41824.1753772332,Renter,22,4,22193.77906207297,69850.30706336236,88,0.2122176640729304,0.1466686824433304,6,339.7280110779154,645.0442864091419,4,0,135958.7886979802,0.522573870042097,0,1,1,2,60,4,6,0.9967394367335324,982.9758057433944,medium_profit,1
CUST100324,23,Male,Divorced,4,PhD,Retired,60761.6526162723,Renter,12,3,0.0,29723.24507811525,17,0.968057810457244,0.1620544451871652,8,239.1644437499142,650.6877177600228,2,4,194363.2003468814,0.3486986211441487,0,10,14,1,22,3,9,0.4329296584561148,-223.8976955122756,loss,0
CUST100325,51,Male,Divorced,0,College,Retired,51631.11209004575,Renter,23,3,2202.398315041656,45807.43792103423,56,0.2829255081921269,0.3680102589137781,4,276.83004661297014,757.0612997219531,4,4,146818.4660532861,0.5337383233633355,0,5,10,3,195,2,9,0.8530336612675548,-491.4550525314784,loss,0
CUST100326,74,Male,Married,1,High School,Self-Employed,27445.484203266056,Owner,1,4,0.0,88981.8885061745,34,0.1635549568084094,0.5489359161473574,7,404.59043932822885,564.8925633791979,7,0,0.0,0.0,0,17,15,3,126,1,3,0.123654234033855,136.5820188582657,low_profit,1
CUST100327,29,Male,Divorced,1,College,Unemployed,76417.94392133901,Other,28,5,10488.838353173644,24900.88412892604,28,0.5835473909825425,0.2749091479994199,0,114.1575622269047,732.7879524159357,6,0,58589.30062933304,0.1561399254504929,0,15,3,2,6,3,2,0.3941698027667276,672.3074457133141,medium_profit,1
CUST100328,31,Female,Married,0,High School,Retired,34457.80697219059,Other,21,4,6752.11418908512,89705.1800520682,59,0.6283567395448798,0.3734963330948608,4,124.92924252305652,668.6470313827602,0,5,142180.15019772522,0.6965375774418425,0,14,10,1,54,1,5,0.3231708466868621,-343.1371919761133,loss,0
CUST100329,25,Male,Widowed,0,Master,Unemployed,78205.51779647013,Owner,7,4,25565.435648295414,7382.231293481687,12,0.0205120358790891,0.3947264153622909,3,235.78672954540204,607.3618870018462,4,5,105551.26463422482,0.4162626977027811,0,20,4,0,76,4,7,0.73588928436006,-331.1170445932662,loss,0
CUST100330,57,Male,Divorced,5,High School,Unemployed,51147.30257286281,Other,6,4,14758.16719344709,48369.08887884828,58,0.8854130386418814,0.050856524710723,7,313.86170814952334,705.4934110999849,1,3,0.0,0.0,0,19,5,3,161,4,2,0.0404380896191407,-401.7476723533092,loss,0
CUST100331,61,Female,Married,5,College,Retired,53489.488487268885,Other,20,5,1915.1721154418028,78534.32972691045,11,0.2907030244783994,0.3865919650721392,6,315.0599262860025,562.2382499245763,4,1,0.0,0.0,0,9,7,3,75,5,1,0.5509943297247031,380.6323513056356,low_profit,1
CUST100332,23,Male,Widowed,3,High School,Retired,122653.28318609776,Other,23,5,0.0,0.0,33,0.3554576356326058,0.6741930350743565,9,333.0481740268465,738.9614177370904,1,5,0.0,0.0,0,5,5,3,11,1,7,0.8767553471355032,-325.7503991303203,loss,0
CUST100333,56,Female,Widowed,5,Master,Unemployed,0.0,Renter,30,2,5033.75506597161,36556.4234568617,28,0.1850873908267953,0.4848540279075659,9,383.0203430333104,598.6104047707462,6,4,58568.71614033591,0.4149150747880825,1,12,3,0,43,4,8,0.6918062299869328,-826.1309195058603,loss,0
CUST100334,80,Female,Divorced,5,Master,Unemployed,33139.61032910927,Owner,4,2,918.9916083977936,10083.69210419542,2,0.1908020832532084,0.4302272483647313,0,37.6442206785262,785.8451116656665,0,1,26537.94300425862,0.6076475989920056,0,4,7,3,160,5,4,0.0860935472020347,-473.6013933521349,loss,0
CUST100335,77,Male,Widowed,3,High School,Employed,51009.70055979639,Owner,28,2,4497.953829582552,82415.8618205995,95,0.7025981057082559,0.0776065948451672,7,379.96353299377256,846.4177238752437,9,1,149685.8773465808,0.6561272808980273,0,18,12,0,85,1,2,0.630409880337339,752.4514668155773,medium_profit,1
CUST100336,73,Female,Widowed,5,PhD,Unemployed,71163.16417820589,Owner,15,4,8891.591956679287,28937.586939649093,63,0.5133557214665359,0.5447137764837255,9,490.1899142892507,809.6469233810884,7,1,0.0,0.0,0,16,0,3,147,3,9,0.0635105689454739,528.5801942085518,medium_profit,1
CUST100337,71,Female,Single,3,PhD,Unemployed,53910.58087813029,Renter,22,4,0.0,28729.5085076929,3,0.1613334364295808,0.5474876269368278,3,176.69935082447563,654.269834491321,8,1,45717.66186884252,0.611604546961679,0,10,14,1,75,4,7,0.8330807457953466,328.7557352459896,low_profit,1
CUST100338,64,Female,Married,4,College,Unemployed,0.0,Other,23,1,0.0,34225.67384558945,86,0.4828897649727505,0.5400157912853722,2,175.13948590728214,650.8097552493795,1,3,0.0,0.0,0,15,9,1,53,5,1,0.9992612229148342,-585.5488363569078,loss,0
CUST100339,63,Female,Divorced,5,College,Self-Employed,40939.12833523112,Other,1,1,0.0,17513.09220573552,44,0.4306204625514841,0.2630949284688301,9,357.79841278255765,639.5255335461787,7,2,0.0,0.0,0,11,1,2,38,5,10,0.6694858901511282,-106.59216458034902,loss,0
CUST100340,24,Female,Widowed,0,High School,Employed,98246.25123836168,Other,1,5,11515.219913395056,7246.286591503667,14,0.1670462983096101,0.2597016932104964,1,215.90584884868224,699.3478684770542,2,5,109879.43895619102,0.7336680977436162,0,14,15,0,39,3,6,0.8191607828272317,-826.9586528143701,loss,0
CUST100341,33,Male,Widowed,3,High School,Self-Employed,62459.86669240681,Renter,10,3,9572.80404615241,59116.44644293533,65,0.171261795500173,0.4409013079649446,4,265.86649679846846,778.9056687375519,5,5,58382.66279293609,0.8820918290407007,0,4,13,1,35,4,7,0.9180200577475824,-507.2750252679683,loss,0
CUST100342,76,Female,Single,3,College,Employed,34167.362694792886,Other,25,5,19033.699701251902,43958.06545078055,9,0.0847782145314188,0.2113911957743035,5,299.55707178981737,652.0507032600757,6,0,79657.55451407618,0.692636959053517,0,1,4,0,161,5,5,0.4193052977472753,1464.204232762252,high_profit,1
CUST100343,56,Female,Divorced,0,Bachelor,Self-Employed,69339.26020328654,Other,12,4,21999.57374576381,51430.86304469772,83,0.2051335713832062,0.3381271182530048,8,373.5862668862548,794.1310580767483,7,5,0.0,0.0,0,20,12,1,77,1,1,0.5374334926492939,-296.21433433046786,loss,0
CUST100344,67,Male,Divorced,1,High School,Unemployed,114279.1904919933,Other,10,2,2819.5410460762614,13047.321427618304,3,0.0278912252956579,0.1695822222813878,8,295.66824396804725,591.0366962657612,4,5,0.0,0.0,0,16,3,0,95,3,9,0.3544733459041492,-425.0000372885144,loss,0
CUST100345,24,Male,Widowed,2,PhD,Employed,17832.989424640742,Renter,10,2,5156.18333949603,48045.54347573294,96,0.9890000788986222,0.1184487639706159,9,476.8261260244203,850.0,10,4,101079.20885275948,0.8061161171248115,0,7,11,2,72,5,3,0.7143509788637289,-660.95961796331,loss,0
CUST100346,84,Male,Single,2,PhD,Self-Employed,85635.75681199846,Renter,14,1,0.0,47804.950016730174,19,0.7116404207474897,0.3343678679587062,6,167.35556431496337,755.3251219984784,2,3,0.0,0.0,0,2,11,3,150,5,9,0.7788247197477703,-685.4350072022444,loss,0
CUST100347,51,Female,Widowed,3,Master,Retired,77916.84654760154,Owner,4,5,0.0,39264.12584198246,17,0.4847644024428021,0.0265724387079508,7,324.9619001179883,784.8174212666668,8,0,0.0,0.0,0,14,15,0,191,2,9,0.3693320596344571,633.6727043842659,medium_profit,1
CUST100348,33,Female,Single,0,Bachelor,Unemployed,78768.92800938003,Owner,16,2,0.0,41640.531341694536,16,0.3714673541853173,0.3520884526667112,5,237.3481122426288,646.1158143807262,2,1,0.0,0.0,0,13,1,2,72,2,3,0.8191250692282641,-505.9706326966392,loss,0
CUST100349,80,Male,Single,4,Bachelor,Employed,70489.50141899081,Owner,13,4,0.0,31906.883988826165,74,0.3097018790674505,0.2473103567835501,7,394.2899799280521,767.9142775438196,7,5,19795.45005101358,0.5341104427305817,0,4,4,3,194,4,8,0.1489825909312482,-98.33767326092216,loss,0
CUST100350,59,Male,Widowed,3,College,Retired,70051.74087252353,Renter,17,1,8161.559571827783,39385.35179617052,86,0.8900431651107683,0.0,4,299.02737585204954,775.6788679986983,0,4,111246.87940136025,0.3966633742847005,0,9,3,0,49,5,9,0.5768555831731496,-29.933578160286416,loss,0
CUST100351,24,Male,Widowed,4,High School,Employed,58820.78137117106,Other,29,5,3655.032155982673,36677.19933137069,24,0.9623767660481748,0.5862733563662367,4,180.52762071915205,808.1766727672829,9,3,0.0,0.0,0,17,10,3,150,1,8,0.861974335714048,-99.12412458583768,loss,0
CUST100352,20,Female,Widowed,1,Master,Employed,99867.99958606227,Other,10,4,8868.085206892027,51819.60850371934,33,0.0910250851112948,0.7024540891401531,1,87.48813763624736,802.3709546106982,2,2,74930.85956417289,0.8090176948169507,0,4,9,3,173,2,1,0.6144754287684212,-238.54230640468217,loss,0
CUST100353,59,Male,Single,5,High School,Unemployed,60717.091298548665,Renter,3,3,1485.8576428626748,61268.26717664216,19,0.412822811998509,0.1363142668115997,5,326.2122175419624,850.0,1,0,99986.41237403714,0.3201387650396116,0,19,7,3,130,5,7,0.9493570559850436,-144.5022076964729,loss,0
CUST100354,52,Male,Divorced,3,PhD,Retired,0.0,Owner,15,1,11255.080168310356,47704.62965977982,53,0.6335412951837514,0.1815288088695892,0,192.69493756618004,712.3547695955582,10,0,245415.74337502863,0.4988506591476126,0,17,4,2,145,4,8,0.0839083555808503,359.060845730642,low_profit,1
CUST100355,82,Male,Married,2,PhD,Self-Employed,104449.90207387797,Owner,17,4,24625.871905307948,30073.913436956947,72,0.4517420011892324,0.5022926070816712,0,192.2228885134634,834.1475915530881,9,2,0.0,0.0,0,5,0,0,123,3,10,0.2508889573774316,1031.6845829312108,high_profit,1
CUST100356,66,Female,Married,4,PhD,Unemployed,96926.23539464203,Owner,5,5,21850.142787085093,41257.6172034871,73,0.0699352197396632,0.1240371292995891,1,53.54844199928576,850.0,2,5,0.0,0.0,0,8,13,1,156,5,6,0.8839316120900287,-646.5158291436751,loss,0
CUST100357,61,Female,Widowed,2,College,Unemployed,70270.13503468865,Renter,6,4,20541.604207147742,47079.51953104447,77,0.3284572438588337,0.382973100072382,2,63.33836853655059,746.3288530118107,7,0,54351.46686434661,0.7116279029037013,0,5,13,3,195,4,9,0.0811487867482395,172.95417880121352,low_profit,1
CUST100358,27,Male,Widowed,5,High School,Unemployed,51101.77622790605,Renter,26,5,7413.21934916781,6979.7183276098585,46,0.3867510346858697,0.377264663562312,0,74.09612824953771,679.5528779013879,3,3,225547.569831549,0.9146039450429712,1,0,8,2,49,1,10,0.6252365581928083,-842.3171014592367,loss,0
CUST100359,46,Male,Widowed,2,High School,Unemployed,55474.86865299914,Renter,28,5,4260.524343916074,20966.810476807543,27,0.0071354001468925,0.3390049968056253,10,463.59186445596936,624.171793111241,9,4,0.0,0.0,0,17,6,1,16,5,3,0.7459734385091761,90.83274551275566,low_profit,1
CUST100360,34,Female,Married,4,Bachelor,Self-Employed,78885.88752665432,Other,0,5,0.0,47907.10861525199,79,0.2529210722497131,0.1736844541669337,8,271.03914785304784,725.3165238037981,6,5,132034.4012612456,0.5932774870592574,0,20,1,2,110,4,5,0.121717696489196,-669.9856304366689,loss,0
CUST100361,84,Female,Widowed,2,PhD,Employed,44507.11068337285,Other,7,1,3035.3341657190285,25882.811382393196,36,0.9183914916221952,0.1506843306919522,8,236.9407765840824,682.3225836884218,3,2,0.0,0.0,0,18,0,1,176,4,2,0.91699522174883,-674.5737897210001,loss,0
CUST100362,43,Male,Divorced,2,High School,Employed,51453.73519890988,Owner,15,4,2438.2024750461987,25170.051082584425,4,0.5925307705791362,0.2876471600279742,10,511.6075969004046,747.9441518086064,3,0,137451.70741325227,0.4700469546303465,0,10,1,2,133,2,2,0.7757494717833749,233.31047463072207,low_profit,1
CUST100363,74,Male,Widowed,4,High School,Employed,28738.66763270691,Owner,29,1,127.97078805072852,22961.573643669817,49,0.3132794342196265,0.1460007867605085,1,45.22690910919394,570.3883335750106,7,0,4387.917252581181,0.6362853240227943,0,20,13,0,26,1,9,0.0522031433501598,734.4293139949485,medium_profit,1
CUST100364,66,Female,Single,4,Master,Self-Employed,43277.308406750366,Other,25,5,870.0217785656596,11466.033823053784,2,0.4534112467163802,0.2937121659250447,7,406.64916093654585,615.1571365809185,9,0,107312.78132412,0.2428267016131777,0,0,14,2,150,2,2,0.102689653726582,879.056143560826,medium_profit,1
CUST100365,26,Male,Married,5,PhD,Unemployed,69033.22017575227,Renter,13,4,6838.345163225044,83860.67327960994,93,0.6208508867369913,0.3699600049135815,2,214.26816636001772,599.594540315799,0,1,40453.5752910927,0.2447507333067096,0,13,11,2,149,5,3,0.1474090626055282,265.2438086381548,low_profit,1
CUST100366,57,Female,Divorced,2,High School,Self-Employed,35008.31828997724,Owner,7,5,14153.902755601615,19009.194508089306,72,0.8587022055283732,0.2766468168409506,6,365.9311206027776,636.4442158595597,10,1,223885.1351853331,0.5357514467764176,0,10,6,3,177,4,10,0.6924138391848312,754.3219831082122,medium_profit,1
CUST100367,60,Female,Widowed,2,College,Employed,84424.552863548,Renter,28,1,9820.667273353862,37374.66294635039,64,0.2194058814641355,0.3787594596432503,0,138.64411149959864,507.23274206543897,7,4,22111.660584924342,0.7690315942368643,0,15,10,3,52,4,3,0.8260843231519911,-628.3395884405928,loss,0
CUST100368,18,Female,Single,0,Bachelor,Employed,17844.304595892747,Other,3,2,4475.955494225305,64082.11032510983,38,0.4404081195175904,0.5493783431069439,10,461.6751861814612,693.7995990633968,0,0,145144.92770580866,0.5266985959263896,0,9,5,1,67,2,6,0.8475341838188838,-90.5028086129256,loss,0
CUST100369,49,Male,Married,0,College,Unemployed,32266.020356113368,Owner,0,2,20628.88768508198,24520.13836341392,49,0.6548691972152447,0.2513232041249963,1,70.43130852561902,670.0161803725119,7,1,240413.65895730068,0.9251917830724128,0,11,5,3,182,1,2,0.1444322458112471,426.81500636737513,low_profit,1
CUST100370,34,Male,Married,4,Master,Unemployed,55228.64368799846,Renter,19,4,7956.244887470951,0.0,82,0.2445496389345347,0.5953868852236549,0,117.4651744799348,583.2220448732065,8,2,71677.55637626292,0.3805394944734311,0,10,7,0,161,3,3,0.8515026383718064,-61.70596861629024,loss,0
CUST100371,80,Male,Single,3,PhD,Employed,34882.12706850899,Owner,16,4,0.0,19217.545937020423,97,0.8824220869322982,0.1903462410149845,8,333.71976057246684,783.3333911780308,2,2,0.0,0.0,0,16,15,3,121,3,10,0.4009460705377577,2.23713777487022,low_profit,1
CUST100372,22,Male,Married,1,Master,Self-Employed,96538.77456916677,Renter,6,3,0.0,15641.622185047963,55,0.8887089295467955,0.2538950749639498,9,407.635160304728,817.972520836071,4,4,69410.76309533577,0.4937571410784803,0,2,9,3,132,3,4,0.5839622247304239,-466.03184725370943,loss,0
CUST100373,77,Female,Widowed,3,Master,Retired,26931.2355049073,Renter,11,4,11813.59510442948,38172.14615403535,41,0.2730194656727531,0.2384383057722231,0,46.75807992462049,616.1414201552769,10,0,0.0,0.0,0,2,9,0,70,2,2,0.1185878818582644,817.6307438581672,medium_profit,1
CUST100374,64,Male,Married,2,College,Unemployed,96869.41507467184,Renter,9,3,0.0,39167.734071029685,25,0.7056426376404914,0.0,2,220.44477328909227,641.53822693428,8,2,46894.10671290981,0.4180633166036333,1,9,9,2,200,4,7,0.8218613161143197,-1475.917744651315,loss,0
CUST100375,19,Female,Married,3,College,Self-Employed,39966.61330593341,Other,23,2,7921.927283263732,26253.419631872508,61,0.2337231897996764,0.0,9,447.2619781902659,487.9299847364934,7,2,0.0,0.0,0,10,6,3,197,4,4,0.438680801167875,342.8640537882468,low_profit,1
CUST100376,21,Female,Married,4,College,Unemployed,0.0,Other,0,4,2.6982384836937854,19475.042869651577,85,0.8342988815505984,0.5776675556416896,5,221.418401659354,661.4978188287137,6,5,88298.89847409284,0.6282514280174927,0,10,0,0,35,2,6,0.568190884812469,-1183.7363719386467,loss,0
CUST100377,68,Female,Married,3,High School,Retired,83046.21649895213,Owner,15,1,7153.965054562879,40165.37279349179,43,0.5695150119210641,1.0,7,280.65932431280885,491.5887060501411,2,0,222469.6649761109,0.5425104961199289,0,5,1,3,6,2,4,0.0694910355757572,679.5051049957418,medium_profit,1
CUST100378,67,Female,Married,1,Bachelor,Employed,58634.632640962736,Renter,1,3,757.6366660195645,18603.341435224826,67,0.0110470888899691,0.3659017471146018,5,250.15761422896145,548.2826303328321,2,0,125057.91675217656,0.5167611190229492,0,13,15,0,99,2,3,0.8704490676945225,-347.2934214650173,loss,0
CUST100379,57,Female,Widowed,1,PhD,Unemployed,46499.61426012559,Other,6,5,17571.49216862573,19293.29825967554,92,0.6848359291177722,0.371690723641924,4,306.28513178852296,626.9043724284527,7,0,125792.18499236196,0.7371015477580408,0,19,7,2,145,4,8,0.4626954538832064,977.5886291388422,medium_profit,1
CUST100380,23,Male,Divorced,5,Master,Unemployed,54733.08163502353,Other,26,3,11686.548047579066,31961.35079077889,51,0.6130275117116392,0.5591743563726028,2,94.21667713653758,628.116761239127,9,5,124500.53128772812,0.5610605407766637,0,12,5,0,100,1,4,0.8855418180714517,-422.9278247342831,loss,0
CUST100381,38,Female,Divorced,5,High School,Self-Employed,62752.57453345119,Renter,13,5,7522.403964266774,27675.419137560835,16,0.9953163815195268,0.3429426366341053,1,133.4329371479158,850.0,5,3,148544.96856152185,0.7738309184993792,0,8,6,0,118,1,2,0.6388666234499641,-178.90762596305373,loss,0
CUST100382,77,Female,Divorced,5,Master,Self-Employed,33322.77515315027,Renter,1,1,14553.00558237753,47520.93585059588,33,0.1146827169440656,0.5945341351501964,2,206.27741281878215,639.601937403077,7,3,27045.134463965293,0.2721031674949131,0,17,7,3,35,4,5,0.8415625330907592,-883.6151881380712,loss,0
CUST100383,39,Male,Single,1,Bachelor,Employed,89897.11531738342,Other,23,4,335.0462077180209,42809.59590401648,22,0.0775852998449813,0.2618993788004377,0,30.699295462158304,732.4057028221561,5,1,0.0,0.0,0,1,6,3,178,1,9,0.6410121892581875,278.8331302315887,low_profit,1
CUST100384,31,Female,Divorced,3,High School,Employed,0.0,Owner,24,4,3131.038418380152,0.0,99,0.2017380515398126,0.5411989033093632,3,133.94740572020282,777.7407352764511,1,0,96667.0981966081,0.904201245431876,0,0,10,1,174,1,4,0.9587452551892852,212.41224232819573,low_profit,1
CUST100385,30,Male,Married,0,Master,Employed,112420.89593746676,Renter,10,5,14321.915642603848,25268.89425562108,81,0.1895475359609227,0.5271240294365889,3,182.04260531094465,589.3706487588365,6,0,0.0,0.0,0,3,11,2,44,1,7,0.653992759557368,522.1874896738644,medium_profit,1
CUST100386,19,Female,Married,3,College,Employed,44130.66875807954,Other,26,3,0.0,54461.661341906496,84,0.6239093942119178,0.2482291199260336,0,43.71217103465919,735.250496835688,4,4,0.0,0.0,0,3,5,2,24,5,6,0.9814158948575996,-911.9857677457644,loss,0
CUST100387,67,Male,Divorced,1,Bachelor,Retired,68101.72075174266,Owner,10,1,0.0,28627.319078290628,78,0.912103254981614,0.0263369922334378,7,329.884388924648,850.0,3,4,141136.27221747217,0.6211507582542961,0,0,7,0,157,1,5,0.236396325662086,127.52928237628146,low_profit,1
CUST100388,72,Male,Single,0,College,Unemployed,34610.520676027925,Renter,9,2,10434.79378670093,33996.20867437427,20,0.3757479429571727,0.3528040162667339,10,438.4724994664496,827.2353500106768,9,3,123249.21027798022,0.6577447325650047,0,10,4,2,81,1,9,0.7917797712800465,-435.0884770091864,loss,0
CUST100389,71,Female,Single,1,Bachelor,Unemployed,31198.61114161609,Owner,6,5,3772.910664042759,31867.447485533023,7,0.9066320577090842,0.0739592550652152,10,509.1279891304953,850.0,3,4,201639.4055253573,0.7204236640784967,0,16,10,1,113,1,2,0.8698667398962548,-564.7411841384118,loss,0
CUST100390,26,Male,Single,5,College,Self-Employed,53633.73090296545,Owner,2,2,0.0,31549.61037037725,76,0.5488471003712778,0.3515505080285501,3,97.72220656626446,575.8239424518375,7,2,83417.64172448975,0.5689481902350503,0,6,7,3,45,5,4,0.3031007072728342,-896.7559277426654,loss,0
CUST100391,75,Male,Divorced,3,High School,Unemployed,34188.44967661494,Renter,12,2,863.9446657835579,67753.7531468038,61,0.4413760708473417,0.4113106249067516,8,335.43763586028774,566.4518430900109,2,3,98603.6289417637,0.2905392022123269,1,12,13,0,194,3,10,0.5371976804196738,-875.1556505798485,loss,0
CUST100392,40,Female,Widowed,3,Bachelor,Retired,45866.260445463646,Renter,12,5,4063.638112608292,56515.9329508438,78,0.480844334303883,0.0425672862831499,5,225.68451370959215,560.2881814887008,2,1,0.0,0.0,1,16,11,3,103,4,7,0.9704926367267518,-999.747011752291,loss,0
CUST100393,65,Female,Widowed,2,PhD,Employed,14419.61773569473,Renter,28,1,0.0,20976.822831820027,16,0.3848260114500638,0.4103481599821841,9,392.20278564646935,820.0261749738829,4,5,3683.8637914600986,0.5177146785767994,0,15,11,0,166,4,7,0.7356642056017504,-190.42955256756167,loss,0
CUST100394,49,Female,Single,2,High School,Self-Employed,3907.749009137384,Renter,19,4,1114.7922481699077,33808.47779850115,88,0.1473673899046185,0.3898437442570068,3,283.4201288958727,649.0193306809117,2,0,53444.10117058414,0.102334529317402,0,2,12,3,180,5,2,0.5185370438542153,193.70551847453092,low_profit,1
CUST100395,42,Female,Married,3,Bachelor,Unemployed,73605.26137663402,Other,30,5,0.0,31179.684431791942,85,0.8866508855133399,0.3893745001605396,9,335.0398964177553,665.7450799142235,1,0,67046.37709965708,0.4074534869430775,0,11,4,2,191,2,7,0.6990089960999812,727.8184038051895,medium_profit,1
CUST100396,18,Male,Widowed,0,High School,Employed,78306.48508767667,Other,13,5,6569.729609684342,18269.37460872129,54,0.6545211917783339,0.3448432808581586,6,235.16833311218085,771.4609790636619,2,1,0.0,0.0,0,16,3,3,145,2,3,0.2009408478363011,476.2137994665733,low_profit,1
CUST100397,41,Male,Divorced,3,Master,Employed,49912.35783956784,Other,5,1,9254.899332402303,53944.93847290456,38,0.0857070638070146,0.0256652605539067,1,96.19800557625258,629.0558997572454,9,1,21145.13041242952,0.4432492957751143,0,3,0,0,68,1,10,0.7892071678312036,583.5920813156263,medium_profit,1
CUST100398,23,Male,Married,4,High School,Retired,34296.837185196215,Other,16,3,0.0,34087.780632059534,63,0.4732317831882211,0.0595700947847822,5,222.52861779652315,660.4319288243736,10,2,81745.32612501751,0.5334279191234977,0,7,11,3,96,5,1,0.975305060714701,-589.5044471556209,loss,0
CUST100399,60,Male,Single,3,Master,Self-Employed,44120.03662654887,Owner,19,1,0.0,36431.864226784775,68,0.2794675301839555,0.6509866143294483,3,209.7232359706947,701.8401630783438,10,3,72526.41172475496,0.7385445510233719,0,6,0,2,4,3,1,0.9695975766149,-829.8216150195461,loss,0
CUST100400,59,Female,Married,4,Master,Retired,111075.43974388816,Other,19,1,7023.28796422802,62637.13798178218,45,0.4279162804714198,0.1533934008952021,7,415.5010024903988,850.0,1,5,127515.54940347832,0.7106080171704716,0,19,6,1,133,5,9,0.0317457476843994,17.974218547277346,low_profit,1
CUST100401,81,Male,Divorced,5,PhD,Retired,52544.14145776652,Owner,28,4,17005.316584738728,32807.19739696094,15,0.4821685452956118,0.0,8,261.6002933200827,588.2813538292997,10,5,31415.424780725272,0.661999796633111,0,13,0,1,83,4,5,0.220376034968905,207.7450512081921,low_profit,1
CUST100402,50,Female,Single,5,College,Retired,96569.1236938099,Owner,25,3,0.0,32871.7587301032,29,0.9317799551484888,0.0,9,299.465188558108,775.9712295484169,6,5,40554.128555799725,0.6839219944048236,0,17,13,1,57,3,2,0.290976502654555,-642.2305311933128,loss,0
CUST100403,32,Male,Divorced,5,PhD,Self-Employed,98383.94794973254,Other,30,1,15417.246640588512,41670.88606023775,74,0.3677370259718407,0.2740965506273118,5,288.08679928178583,757.9857285295133,0,2,0.0,0.0,0,17,6,3,108,3,6,0.7975181391783219,357.16774225827027,low_profit,1
CUST100404,34,Male,Single,3,High School,Retired,109484.42682971765,Renter,4,3,15706.10559979186,15407.95060385181,29,0.4998326650260457,0.3722834634546206,7,241.9983401244634,570.6858456241353,10,5,107239.03111756756,0.6901206825725077,1,10,9,0,70,5,8,0.6310770722380824,-1728.8969250754556,loss,0
CUST100405,45,Female,Divorced,5,Master,Employed,25146.48468262909,Renter,4,2,2168.6110325623285,23982.80505718348,94,0.9344329074801404,0.0581046129162389,3,106.52548325585823,738.8978729352184,2,3,75147.3608940512,0.5611461736042961,0,9,5,0,140,4,6,0.4224374717317423,-527.3328473078097,loss,0
CUST100406,78,Female,Widowed,3,High School,Unemployed,91461.21379249691,Renter,22,2,21554.071130882952,20328.770323069257,90,0.8562522198856624,0.1775666165690358,6,220.52289112141236,749.1207665411996,9,0,14197.062025301377,0.5721205598673531,0,9,14,1,147,2,8,0.6959555259528883,1018.0183949000584,high_profit,1
CUST100407,55,Male,Married,1,College,Employed,2719.317374781218,Renter,23,5,18183.023248526693,31453.610486586826,14,0.6783178060166482,0.2177013710875639,2,254.071224811898,691.0765845778551,10,1,46242.93550205187,0.2537597393110148,0,3,11,3,45,1,2,0.9802767598288892,634.3002727334157,medium_profit,1
CUST100408,61,Female,Married,5,Master,Self-Employed,61239.76896811855,Owner,3,2,9430.021304473752,49030.99541148086,51,0.4886258937618851,0.0957675084879399,9,441.4693761211922,747.3471899035228,6,5,23235.890910120645,0.7693541550432987,0,2,14,3,70,4,6,0.0116024175286321,-814.9371216558293,loss,0
CUST100409,32,Male,Single,3,PhD,Self-Employed,57027.17099276193,Owner,18,5,0.0,38645.25901268311,74,0.4794983660707235,0.3940088374736404,1,69.16275592685315,629.2374105177973,7,5,0.0,0.0,0,9,4,0,83,1,9,0.1848898485700079,-188.38807107685471,loss,0
CUST100410,20,Female,Widowed,0,PhD,Employed,33100.73318054376,Owner,30,1,13419.83695452127,22615.85599105108,24,0.8620034426383868,0.0,2,139.55305569765738,662.5177943378194,5,0,0.0,0.0,1,18,6,1,22,5,5,0.8514501061519141,-850.9296881995197,loss,0
CUST100411,22,Male,Single,4,Bachelor,Unemployed,22877.20085332283,Other,5,4,6094.084718329701,56572.81656496463,85,8.556431783046659e-05,0.362636894772996,4,291.0055692623347,639.349661178426,4,5,95590.41951707026,0.5081819379562016,0,4,15,2,133,3,10,0.5382094868316527,-702.2603527662038,loss,0
CUST100412,44,Male,Single,1,High School,Self-Employed,25369.11995301047,Owner,9,2,0.0,22201.52586881109,18,0.6021443870072858,0.3316106979840263,3,148.23263791553956,690.337632998511,9,3,8403.307205264136,0.4108507878606438,0,8,8,3,166,2,7,0.4560677489880775,-457.7828782884951,loss,0
CUST100413,50,Female,Married,4,College,Employed,20486.042401602448,Other,23,3,12760.279138434757,9955.659621465504,82,0.6968029338536502,0.1495129525293929,3,209.1617803471377,553.3214809384323,10,4,0.0,0.0,0,13,4,2,111,4,1,0.9640177011758628,-312.0929533749004,loss,0
CUST100414,49,Male,Divorced,0,PhD,Employed,75468.84265331869,Other,17,4,14784.22112028035,40442.85091867871,9,0.3293575096143595,0.0792660342939261,1,95.33166456749024,666.9210775672443,4,1,0.0,0.0,0,7,8,0,25,4,4,0.3786323513968501,913.283734735799,medium_profit,1
CUST100415,31,Male,Married,4,Bachelor,Retired,24096.34060721065,Owner,16,3,13936.97689389111,47859.07740217539,90,0.5721580748662229,0.6659240403432174,4,243.5550781388237,659.0313407370503,0,1,121232.2159580162,1.0,0,12,5,2,189,5,9,0.5946169784815694,315.5541319963327,low_profit,1
CUST100416,69,Female,Married,2,High School,Self-Employed,13948.792574029212,Other,4,2,0.0,44254.24057722663,49,0.5675607750968812,0.0,4,247.1984395725754,662.7680947062078,5,5,93731.31870389608,0.6370351073659828,0,19,13,3,46,4,6,0.7984688987483517,-1327.9982443907363,loss,0
CUST100417,82,Female,Divorced,3,PhD,Self-Employed,66668.69567402563,Renter,20,1,17788.658133133933,10953.67238522406,40,0.4065147844745099,0.1646009723082937,5,294.19761650563777,622.7340554729176,1,5,133019.181186261,0.7800797176790127,0,2,5,0,21,3,9,0.9295890069965312,57.090035207778016,low_profit,1
CUST100418,19,Female,Married,3,Master,Employed,95504.81000669784,Renter,0,5,0.0,63344.48223102274,25,0.9108864056423114,0.6046477243424517,0,140.51834275472882,773.5621997245746,5,1,228179.890877106,0.2686753584644452,0,16,1,3,43,5,4,0.1748141950005469,-236.2735719913772,loss,0
CUST100419,64,Male,Divorced,0,Master,Retired,37940.89617954144,Renter,5,3,12214.793237573433,8997.185207957089,15,0.3379585960063723,0.4514990298674971,10,382.8004468480352,837.0536143996713,1,2,119520.29000839993,0.6567502047323002,0,9,8,1,0,5,7,0.2174631947506693,153.73094222356076,low_profit,1
CUST100420,57,Male,Widowed,4,Master,Employed,34594.47101623906,Renter,0,5,17496.189052966667,45586.98007810664,59,0.3285518012817997,0.2921960961244911,5,200.3025425843669,658.209045423411,2,3,0.0,0.0,0,3,13,3,50,1,9,0.5143185995408144,-366.5089888473556,loss,0
CUST100421,37,Female,Single,3,High School,Self-Employed,117342.57261419173,Other,8,2,0.0,33789.596424421616,61,0.3953588260286261,0.5014887946390397,4,293.01850507833115,574.5077331997708,8,2,68471.04747810833,0.787583107502131,0,14,14,1,35,3,7,0.0058102187457437,109.95583270110106,low_profit,1
CUST100422,43,Male,Married,2,High School,Self-Employed,146052.09167000305,Renter,13,3,0.0,51174.57059767758,5,0.1603125010893107,0.2654396525207071,3,295.3910458641308,777.1920154836675,4,0,94130.71516992456,0.4533687605780007,0,17,15,1,83,4,9,0.7259945565727446,384.2451377396295,low_profit,1
CUST100423,67,Male,Single,0,High School,Self-Employed,4262.956458051383,Owner,11,5,11032.475005713935,35963.16931981051,2,0.7673849514457409,0.4277320337286204,3,242.528347140383,805.811832508715,6,4,86761.98402097108,0.6296178839596552,0,13,15,2,72,4,2,0.760899897135436,-819.2228121872631,loss,0
CUST100424,49,Male,Married,1,Bachelor,Employed,38633.37709052848,Renter,22,2,16867.34620177331,58726.70811411957,86,0.8206094162848512,0.2523779127375892,3,245.7601690529609,704.6002747253274,1,5,0.0,0.0,0,19,5,1,151,2,4,0.1204611892424211,106.06124461123406,low_profit,1
CUST100425,69,Male,Divorced,1,College,Retired,79962.50471075336,Owner,19,2,24412.174364637493,12433.538456405222,12,0.8643501106720817,0.2243984201963565,6,235.7270207370076,723.1445922525572,10,1,114648.95377257706,0.5568664724904735,0,13,15,0,130,4,1,0.3042899899933855,512.1957996530782,medium_profit,1
CUST100426,52,Female,Divorced,2,Master,Self-Employed,86442.22586770714,Renter,28,1,12211.353625455817,11674.5179887255,24,0.0408891290466183,0.5710885602210991,0,64.32792128917208,817.0198709196604,4,3,63429.64972477929,0.6159195724752072,0,19,3,3,47,3,8,0.3635812426677506,59.0181525553016,low_profit,1
CUST100427,56,Male,Single,5,High School,Self-Employed,34148.90789231226,Renter,11,3,5300.314791640822,0.0,96,0.7788083075650861,0.4752911291005871,8,296.02754860950296,543.8506777558141,4,1,200341.9828428999,0.53397598120671,0,2,3,1,161,5,2,0.0410389347863304,503.329888555231,medium_profit,1
CUST100428,42,Male,Widowed,0,High School,Unemployed,41167.98281746483,Renter,23,4,2119.611260779236,58370.626902960736,98,0.2019991169389899,0.0,2,89.21756763904652,827.6965386088187,8,5,83802.34811017082,0.3585956704285569,0,17,11,2,114,1,7,0.0677084958763466,-681.1389508759248,loss,0
CUST100429,71,Male,Married,4,Bachelor,Self-Employed,110291.7908162461,Renter,1,5,0.0,6932.989788080813,8,0.7943903801774531,0.5274629084729459,3,176.72022151530672,733.8552876285914,10,4,0.0,0.0,0,2,5,3,192,5,7,0.5624985901964618,-565.9122876857543,loss,0
CUST100430,67,Female,Divorced,1,College,Employed,29227.419490791683,Owner,18,2,16008.213984226051,51227.41929746267,76,0.6967217475836077,0.4064012397643886,8,377.9860832126532,736.1661061247016,8,2,226118.81248673736,0.599937265477645,0,7,9,2,141,1,3,0.2239294502557252,194.03823217594308,low_profit,1
CUST100431,48,Female,Single,5,College,Unemployed,73484.2173849692,Owner,8,1,25860.470495371137,9704.810136282958,83,0.980023661620975,0.2277074466612028,3,91.31784001897752,741.6446038101452,5,5,44609.51509942608,0.4035392839245371,0,11,10,0,180,5,5,0.7220795909584432,-274.656756921758,loss,0
CUST100432,70,Female,Divorced,0,High School,Unemployed,129601.22166051778,Owner,23,3,6961.314590239073,11918.634205279996,23,0.2559872118503206,0.0,0,195.75247744915177,725.7975981221181,9,0,160387.73433162575,0.6950335492990763,0,12,8,1,113,2,6,0.2687935024791853,859.7024714910877,medium_profit,1
CUST100433,68,Male,Widowed,1,Master,Unemployed,42321.850446320816,Owner,28,4,0.0,46695.02652649765,12,0.4959611757212395,0.4827543242771171,7,360.4223958575276,545.4270213309267,3,4,208983.8978180684,0.7148142441788002,0,5,9,0,79,2,3,0.8174992009565035,223.9135748547552,low_profit,1
CUST100434,42,Male,Married,0,Master,Self-Employed,19736.16754544655,Renter,29,4,0.0,27020.613804654065,13,0.7243069226054739,0.4005568853790388,2,226.1338378292813,850.0,9,0,120607.89138151315,0.5514637446375933,0,0,3,0,195,1,3,0.2483429444590034,846.4246916120478,medium_profit,1
CUST100435,28,Female,Married,5,PhD,Employed,96900.01718157453,Owner,30,1,0.0,62569.37109544643,70,0.7361315102745246,0.2431230700786981,5,184.6290493446373,850.0,2,3,117893.12900592784,0.5726009021115084,0,14,5,2,84,4,3,0.2438088585129044,-189.25463709546568,loss,0
CUST100436,52,Male,Single,0,High School,Unemployed,49772.76367961761,Owner,16,4,9283.166923752377,31543.129924354336,19,0.001210420669369,0.1812377183862589,3,161.1471127262478,683.4368589682367,2,2,57857.70297191498,0.1742531811170375,0,7,12,0,125,2,2,0.2245224572847504,415.9556091962775,low_profit,1
CUST100437,54,Female,Single,4,Bachelor,Employed,30608.3632584958,Renter,29,1,0.0,0.0,6,0.6045063819818419,0.0,2,125.54138102033664,564.4552496887711,2,5,0.0,0.0,0,9,9,2,26,3,8,0.6617317152702249,-249.06428585096631,loss,0
CUST100438,51,Male,Single,1,College,Unemployed,44223.60972314388,Owner,12,4,6777.501062680313,38009.62773012657,93,0.7968507393117702,0.3262130372431697,7,254.65829014987148,692.2556539274007,6,5,0.0,0.0,0,2,10,1,46,4,6,0.3193157799110299,19.959540826948967,low_profit,1
CUST100439,72,Female,Widowed,4,Bachelor,Self-Employed,114215.89930913656,Other,29,2,0.0,9519.428182272408,50,0.4186596315304879,0.2440379315245987,7,311.23258802189554,603.5462205089809,8,1,100596.55534558652,0.4543455595186774,0,18,13,1,179,1,4,0.3617094308351435,842.6049854747808,medium_profit,1
CUST100440,44,Male,Divorced,4,Master,Self-Employed,95716.45783030787,Owner,1,3,7125.740306322149,50539.72526639464,47,0.8487514991263234,0.5211800848714618,2,84.72199422313447,643.6052511941757,8,3,0.0,0.0,0,7,1,1,30,2,7,0.7330815198000288,-372.9588891261996,loss,0
CUST100441,72,Female,Single,5,High School,Employed,85849.08373493832,Renter,26,5,6390.603986534176,0.0,21,0.0301857303596039,0.1394351112098315,5,181.07303544404152,692.6027136405622,0,4,42433.43956741697,0.9945084353579616,0,13,4,1,120,2,9,0.6985639255401921,-251.7453523402321,loss,0
CUST100442,56,Female,Widowed,5,Bachelor,Retired,75167.67725507624,Other,22,1,19891.131083282897,75428.99490845592,37,0.1112666663221071,0.2191205153632077,0,6.423821455498913,749.14294527202,2,4,106976.0357198647,0.6390963463106581,0,12,13,3,141,3,10,0.501872437492266,-311.291138617761,loss,0
CUST100443,47,Female,Married,2,High School,Retired,73079.26168500137,Owner,23,2,0.0,43641.38980125263,52,0.6190437604188682,0.3252355807323934,3,251.2697218709436,677.7525103221735,8,4,254686.2195719558,0.4650131962418895,0,14,15,2,167,4,7,0.1648243595262739,-343.6783940201982,loss,0
CUST100444,65,Female,Married,2,High School,Employed,119746.59906614202,Owner,11,5,0.0,18997.69434126922,100,0.8466092745622371,0.27059491531383,0,32.55208066339479,784.0734482129549,1,0,70780.25073533134,0.3414749305695474,0,0,9,1,141,2,1,0.2403351535586119,335.697390324793,low_profit,1
CUST100445,28,Male,Widowed,0,High School,Unemployed,41779.367003633655,Owner,30,3,4227.789547769544,38516.87317259658,2,0.9805416267860616,0.3836411511775944,4,238.39277755396213,522.3988245951598,5,3,156394.09875608562,0.6505137691993247,0,4,3,2,104,5,2,0.5021771178207869,390.5457861213745,low_profit,1
CUST100446,37,Male,Widowed,3,PhD,Employed,73325.94981872015,Renter,5,2,16013.229577357622,39330.90622900254,88,0.4631062230374876,0.5692451512405496,10,403.0216279744792,752.2250636017778,3,5,40208.4753557096,1.0,0,5,10,3,33,3,5,0.360316355701318,-280.73858405432884,loss,0
CUST100447,73,Male,Widowed,1,College,Employed,77212.3326301324,Owner,18,4,0.0,4233.847650729247,13,0.8047264442961048,0.3585430964283707,2,127.23480825749306,714.552119776824,1,3,0.0,0.0,0,10,5,2,41,1,5,0.5765116241822262,-255.6121312810756,loss,0
CUST100448,63,Male,Single,1,Master,Unemployed,107658.80784130788,Renter,8,4,11954.024745502986,7179.829804945235,84,0.9241607721183244,0.2776982345714112,1,132.36860553626613,619.5033519147439,5,2,11230.008359143882,0.5172768668740715,0,19,4,3,93,5,10,0.9520449587229296,-362.44368759463225,loss,0
CUST100449,65,Male,Widowed,4,Master,Unemployed,22345.938840798157,Other,1,5,3723.453184818098,18787.8472630538,83,0.05705867514791,0.0,3,208.1524395661476,850.0,2,0,158876.9654216672,0.5247398550150008,0,5,12,0,57,4,8,0.6691505617909366,374.1559711559592,low_profit,1
CUST100450,62,Female,Widowed,5,PhD,Retired,24850.369580473147,Owner,2,2,21957.22877810865,67945.77389546223,94,0.1083483317305172,0.3313387456493049,6,235.98719899573143,802.3530644185345,5,0,67528.67789339239,0.3326549122248138,0,19,15,1,179,4,2,0.278375062753101,213.42993896909567,low_profit,1
CUST100451,22,Male,Widowed,1,College,Unemployed,63957.83900315871,Other,1,5,454.5228125655585,25626.93445129928,100,0.3802848239421863,0.2817200884981771,5,360.19012120505727,691.9121502134539,3,0,55225.84904974832,0.3878789867206798,0,0,13,2,64,2,2,0.1417378937397826,293.96623976404857,low_profit,1
CUST100452,53,Female,Single,2,Master,Retired,21462.47202900092,Other,6,3,14778.155496862004,0.0,24,0.8305490915011039,0.5307180686633851,1,119.65642472669666,838.6349397262843,4,1,19781.94130173786,0.0793725824345402,0,13,15,3,137,2,7,0.3546923764988616,-82.92629394995117,loss,0
CUST100453,67,Male,Married,0,PhD,Self-Employed,58074.475161335424,Renter,21,3,0.0,19695.632123835145,2,0.1505062795914792,0.6060390397726703,7,340.2564916251922,766.4927162301741,5,0,0.0,0.0,0,13,8,0,115,2,8,0.6389163953770511,359.3529351789156,low_profit,1
CUST100454,30,Male,Married,5,College,Retired,50189.48047170687,Other,17,2,2865.4322064956177,39923.98374726633,77,0.3775565714846348,0.1929366574864681,5,173.71995443081664,751.1499575361861,10,4,243515.40400602293,0.7631002044888525,0,11,11,0,77,3,9,0.8190515180510144,-427.92538145922566,loss,0
CUST100455,33,Female,Widowed,3,Master,Unemployed,54505.48586840116,Renter,26,5,1433.2686582012875,53612.81824904289,55,0.5231698227977019,0.1745373108097394,5,165.83176097335036,704.5222708999983,6,2,55119.79018810853,0.4996431614376936,0,19,5,3,97,3,7,0.6341072342041757,-322.5441066731307,loss,0
CUST100456,30,Male,Single,0,High School,Retired,69689.23510853005,Owner,15,5,4389.960281446164,40004.8093887314,70,0.0997020723933365,0.1932799387121666,7,371.40943540046703,822.0821298813048,10,2,0.0,0.0,0,6,7,3,141,4,2,0.1955602381850975,588.5258138489501,medium_profit,1
CUST100457,78,Male,Divorced,3,Master,Retired,7570.904705152156,Owner,30,3,9347.700645568912,39508.61365053247,29,0.5075608140498729,0.1408885864118235,4,188.0841005431608,742.4393937861013,6,5,177951.86697601588,0.1566362321291871,0,13,1,0,6,2,6,0.8407696248345599,-132.2268327594259,loss,0
CUST100458,84,Female,Divorced,1,PhD,Retired,0.0,Owner,17,4,0.0,62583.32729801891,25,0.6162679168912347,0.1836435933215892,6,359.9793232193808,582.6120035591027,9,3,30206.22710153181,1.0,0,20,12,1,103,3,9,0.1584436553523062,-325.5789538979774,loss,0
CUST100459,47,Male,Married,4,High School,Retired,28460.702650819665,Other,29,3,19974.316831796263,67154.04687075465,71,0.159053168808671,0.2793137551419432,5,153.84121022962603,576.0947297473358,6,0,259584.3501809159,0.9188884783498392,0,18,4,0,158,5,2,0.5717938347339991,986.680729701818,medium_profit,1
CUST100460,21,Male,Widowed,5,Bachelor,Self-Employed,35627.929531877395,Owner,20,2,4509.7065916196325,26792.798379103384,39,0.1938289145783872,0.3661702609231155,3,258.2088578537889,845.1001438131336,6,2,137941.7041137403,0.3845247846030483,0,8,2,1,160,1,10,0.8669390462593677,470.86068609228255,low_profit,1
CUST100461,32,Female,Single,0,College,Unemployed,69393.96420039466,Renter,28,2,11870.657958589163,59330.81718557206,12,0.0773814282882588,0.0776839500972897,5,212.23044745680568,696.4174421293537,1,3,0.0,0.0,0,13,2,3,160,1,4,0.6873364107303851,-398.2025196093002,loss,0
CUST100462,66,Female,Widowed,1,College,Unemployed,70401.2993281476,Owner,28,2,30115.565515844235,0.0,85,0.5672938498199984,0.2935438777901059,9,325.374231323702,764.0542935074774,5,2,62307.82016561812,0.5773743894968519,0,19,0,1,133,3,2,0.1928452596523669,631.8209384533859,medium_profit,1
CUST100463,21,Male,Married,1,Bachelor,Employed,66983.60228820491,Owner,0,3,0.0,0.0,18,0.2197611114639248,0.5389184441027461,2,151.6667850712004,795.8385819842042,1,2,55166.09768510798,0.6458149376411405,0,20,9,3,190,4,7,0.5126565467293983,-462.8142834621816,loss,0
CUST100464,69,Male,Divorced,1,College,Unemployed,66730.18970334248,Renter,3,5,14040.175547613144,24050.355982523,99,0.5875788875787342,0.5623967477147893,2,256.6344054678731,732.0785725932684,7,3,69405.1943605874,0.3459877822575936,0,13,8,2,159,1,10,0.383045847932346,95.03635301764724,low_profit,1
CUST100465,43,Female,Divorced,5,High School,Retired,35041.352475166466,Owner,28,1,0.0,13692.487433677576,66,0.2530636607622298,0.0867530136201549,6,332.9456965005647,850.0,10,4,183133.90619884036,0.9840735004288522,0,0,3,1,82,4,3,0.3577445167699318,-215.46421332034743,loss,0
CUST100466,27,Male,Divorced,2,College,Unemployed,62137.61249732677,Owner,0,3,0.0,16086.10245605872,89,0.0109010243177608,0.116374603316685,5,249.1824718737357,823.9584006441562,5,1,10377.032189824014,0.8136758667388033,0,12,9,1,134,2,2,0.5609587004635368,-133.3350879430024,loss,0
CUST100467,27,Female,Widowed,2,Bachelor,Self-Employed,129109.16256314366,Owner,1,4,0.0,55184.66479573598,64,0.0467918439973868,0.5292881740801455,4,141.66802566742436,602.6621161972965,2,4,150713.33364731597,0.6672289926052457,0,12,7,0,72,1,10,0.9879547655928655,-718.6954465565462,loss,0
CUST100468,77,Female,Married,3,High School,Employed,35281.93539084001,Renter,20,1,0.0,70996.24191571852,9,0.4698933519059405,0.3001365637914965,6,248.32992942257096,778.2130001531459,5,3,0.0,0.0,0,10,15,0,100,3,8,0.4933366242697261,-259.0270365657797,loss,0
CUST100469,33,Female,Single,0,College,Employed,92459.54427749828,Owner,4,1,0.0,21695.72464189457,42,0.8613887703984894,0.3068054822144464,6,181.18381938668657,711.1372601840053,5,4,32090.67149838437,0.6791639562191846,0,1,8,0,28,1,5,0.075042175231331,-170.30657278791847,loss,0
CUST100470,60,Female,Divorced,5,College,Self-Employed,82039.1263637799,Other,14,1,0.0,24316.898041424058,17,0.3193326805673159,0.5389525723753875,2,242.6203790434699,789.4647187573872,6,5,0.0,0.0,0,3,7,3,169,4,5,0.321911363099843,-611.0001960722315,loss,0
CUST100471,79,Male,Single,2,Bachelor,Employed,653.2425187556946,Renter,17,2,5469.349020603696,67955.34033491954,85,0.6471342722719033,0.1104214565462027,3,110.87783244768936,616.5676954508418,7,0,126402.97815728596,0.2914396969580707,0,6,14,3,48,4,2,0.3404501394082714,-20.858020302624524,loss,0
CUST100472,85,Female,Divorced,5,Master,Self-Employed,77893.23412745258,Other,3,2,0.0,25280.60025578057,29,0.9166972440752668,0.4488371420630069,6,382.0756384077782,742.1546083536562,8,1,76681.83962954019,0.5321755441459922,0,6,2,2,108,2,5,0.951494595928724,-71.7662023753401,loss,0
CUST100473,31,Male,Widowed,0,High School,Self-Employed,56288.0195970073,Owner,28,4,9578.056099257848,20061.359497640435,24,0.2667566688998508,0.2634862051240917,7,311.86016848350573,601.0042207447987,4,0,46499.23899937641,0.437799827274231,0,2,11,3,54,2,7,0.5021903919491799,680.8048240586813,medium_profit,1
CUST100474,83,Female,Single,3,Bachelor,Unemployed,67759.83443566164,Owner,1,4,7127.397758576603,45657.47469897145,94,0.9280199589028088,0.2137748860849802,3,164.3585974798538,740.8052846836756,9,2,105079.75722736632,0.688954761566319,0,15,13,0,174,1,4,0.9589717172911972,-599.9502081189794,loss,0
CUST100475,46,Male,Single,0,PhD,Unemployed,64480.90446813567,Owner,2,5,8641.402960546613,30143.56933815884,13,0.2754594775025919,0.0,9,368.8679848820397,716.048962397348,6,0,271253.1039397242,0.5279921462486035,0,8,15,1,43,2,6,0.6368992126583497,297.11192266086846,low_profit,1
CUST100476,54,Male,Single,1,PhD,Retired,71200.45679134195,Other,9,2,8123.782104665717,53854.70330832829,22,0.3151124990093893,0.0484263688182224,1,93.09751780217356,773.1380252574993,7,1,109042.20612514636,0.5715706926118908,0,15,13,2,5,2,5,0.8812575271500428,-276.1176833038535,loss,0
CUST100477,39,Male,Divorced,3,PhD,Employed,90883.72444795072,Renter,27,2,13723.153800284505,7139.6137585254255,61,0.1093859973935522,0.4640316373510968,0,198.0826203385868,693.5311394967481,3,4,57287.40980155154,0.6146393982003389,0,4,3,0,77,3,8,0.4906618500859663,378.0498979895924,low_profit,1
CUST100478,62,Female,Widowed,2,Bachelor,Retired,95751.22491321196,Owner,26,3,4162.82040150788,7609.077432336628,39,0.7101571510265683,0.2212940288060542,8,433.35333575413006,717.8694716810476,9,3,172921.47842970505,0.7206189369897666,0,16,0,1,105,2,3,0.3571944050329344,143.65671043162365,low_profit,1
CUST100479,21,Male,Widowed,2,College,Employed,134555.69750036675,Owner,29,4,7647.753109779796,55507.8147599803,82,0.1079316583682079,0.2696571132845541,4,270.84606657966185,753.3359244705449,7,4,133946.85045184047,0.8436389423508512,0,11,10,3,150,4,5,0.3093232973707666,260.1688386658864,low_profit,1
CUST100480,23,Female,Single,3,Master,Unemployed,86165.91000218934,Renter,3,1,1849.1326880589136,18565.079160878773,64,0.9272330305392048,0.3665215020648395,2,89.37189980041752,793.3128072341069,4,4,27727.92992233929,0.8130343931428773,0,5,9,3,73,1,5,0.0155923996408148,-419.7523871593863,loss,0
CUST100481,23,Male,Divorced,4,High School,Employed,32510.372427797407,Renter,9,1,0.0,27192.49882189327,56,0.3522555206734933,0.3615225336378392,0,27.54375688764188,647.543298623295,4,4,185220.26788671443,0.6848133723036902,0,17,4,0,182,3,3,0.9959142560739304,-1105.013589073378,loss,0
CUST100482,43,Female,Single,2,College,Employed,16922.714283944173,Renter,29,3,0.0,35620.18500563613,32,0.8117090886719545,0.0,10,368.44680410353607,801.2637409644071,1,2,34184.61556276797,1.0,0,19,9,1,144,4,6,0.8043802498144463,529.7626436034791,medium_profit,1
CUST100483,35,Male,Divorced,1,Master,Self-Employed,54556.527922574496,Renter,9,1,3936.6299746868494,49911.6302800406,39,0.5666650900775093,0.6406345219836076,10,332.7898728085776,536.1970942563983,6,0,0.0,0.0,0,14,10,2,119,3,7,0.4665525586940769,88.39575976697428,low_profit,1
CUST100484,70,Female,Single,4,High School,Retired,77482.12749521593,Owner,24,2,9968.735905075971,51395.429099677,79,0.906848783063814,0.0600604943269383,3,167.03190297500174,468.3856137031123,9,4,135801.41953021454,0.434360745406953,0,9,1,3,32,4,1,0.4628078178128676,-741.2127332124243,loss,0
CUST100485,84,Female,Single,0,High School,Unemployed,64351.912378781446,Other,3,3,12931.756882186774,27558.857357574456,77,0.0973990620817253,0.2084303227635021,4,260.73631648361857,684.0637767854093,0,0,12941.723759921711,0.3303905776119665,0,16,1,1,132,2,9,0.7404241186922673,280.5751717619154,low_profit,1
CUST100486,81,Male,Married,5,College,Unemployed,75638.39715041444,Other,9,1,8216.785413765001,33361.196119336404,63,0.6236639223081968,0.100970303629324,3,78.44840826555101,681.8496837864333,9,0,0.0,0.0,0,7,6,0,121,1,9,0.4438158749842188,552.2099089762341,medium_profit,1
CUST100487,25,Male,Divorced,3,Master,Self-Employed,102865.73123440702,Owner,26,5,0.0,18281.44653364489,34,0.8216864586827163,0.3658213557420259,10,425.5448491078845,825.2842634427484,1,3,5177.538369985057,0.4615499341468206,0,0,5,1,190,2,3,0.511514997047668,38.868453335240986,low_profit,1
CUST100488,43,Female,Widowed,2,Bachelor,Employed,63103.1438792432,Other,15,3,25420.76040143744,35547.16923929352,86,0.2751813485561998,0.2955442041632573,6,213.3263300417665,732.2082310766986,6,3,48890.79960513979,0.437397125547974,0,9,14,0,144,4,1,0.5805380739477394,334.2316281114298,low_profit,1
CUST100489,22,Female,Single,2,College,Retired,66772.84569335263,Other,14,3,5176.132519336573,10492.679454435,2,0.9817536857598612,0.5607015863869518,5,322.23635161990745,766.470274533311,3,2,0.0,0.0,0,16,12,0,44,2,6,0.6559333854854785,289.93012569363964,low_profit,1
CUST100490,61,Female,Married,2,Bachelor,Retired,45072.87484844378,Owner,29,4,0.0,14805.93765039426,49,0.9625550096612596,0.0,9,399.515253811581,747.1542380418206,8,5,0.0,0.0,0,4,10,2,149,5,7,0.0675699714193428,-149.88562330279925,loss,0
CUST100491,21,Male,Married,0,High School,Retired,0.0,Other,15,3,4139.303072091069,26993.59079456256,98,0.2315345703164367,0.2346607573627271,3,254.31403645719155,595.7422305329424,6,3,0.0,0.0,0,1,8,0,9,1,8,0.7633519498580851,128.29809567928538,low_profit,1
CUST100492,21,Male,Divorced,0,Master,Retired,43483.44204874537,Owner,20,5,8163.583215361447,12295.02627751555,72,0.1997344284930672,0.3362125485542164,4,255.4139250123386,830.3278037316063,3,1,108616.58003927834,0.5175172363567039,0,13,6,0,149,1,2,0.2035396101567088,746.839020361144,medium_profit,1
CUST100493,35,Male,Divorced,3,PhD,Employed,52780.04476409361,Renter,5,5,5078.801846947282,23487.77895702993,64,0.1901369007855869,0.2671329588229217,3,186.85767609624065,721.2093353074175,5,2,0.0,0.0,0,17,4,0,112,4,7,0.8739769017015965,-348.95045844951403,loss,0
CUST100494,28,Male,Divorced,0,High School,Retired,18343.72338506367,Owner,1,5,0.0,5654.346155590414,70,0.3309197949062472,0.3318925013608258,3,157.61913018430167,610.7212484508116,4,3,101361.44642310962,0.6069427497505123,0,2,5,2,19,5,10,0.2413984004646182,-563.4371893505545,loss,0
CUST100495,84,Female,Widowed,4,High School,Employed,79649.26752665068,Other,15,3,13107.9864559171,10122.746503302931,84,0.0299780296703779,0.3840383085789983,5,186.1725362386726,614.3501762590801,0,1,59767.03767483354,0.3471003186090068,0,10,1,1,126,1,10,0.9043238655477888,82.19830960285549,low_profit,1
CUST100496,22,Female,Single,3,PhD,Employed,48515.48431161094,Other,15,2,3762.7105372516394,22046.40612770792,35,0.7233297753463758,0.063193888355488,1,126.87685392808147,660.0100937868863,10,2,76929.47525807339,0.5910213939754926,0,9,7,0,14,1,4,0.5341858611117221,30.053824548706864,low_profit,1
CUST100497,66,Male,Widowed,0,Master,Retired,39896.54398637301,Other,4,4,16717.179147161594,6476.533268904386,90,0.4268335815485188,0.3975120594173437,2,75.91017535469234,818.1891092959961,9,2,98090.80927488954,0.5594951545870339,0,10,13,0,60,2,2,0.5886174739155892,-199.8178440060932,loss,0
CUST100498,47,Female,Single,0,College,Employed,91082.62953138768,Owner,1,2,0.0,10597.514792407128,57,0.1805934778049288,0.2204884469016557,0,120.48320271850966,823.7653757511998,3,2,87976.7636040896,0.4063908482979509,0,12,15,0,168,1,2,0.2501988555369536,-425.5951365955603,loss,0
CUST100499,44,Female,Divorced,1,Master,Unemployed,41570.30567711117,Renter,24,5,0.0,49577.79117113559,38,0.8689709428969313,0.0256513741472988,3,144.3123754900779,850.0,8,4,132822.9690184623,0.8181723341207396,0,11,13,3,71,1,4,0.912049212583389,-822.729827529557,loss,0
CUST100500,84,Male,Divorced,5,PhD,Self-Employed,55501.77842762672,Owner,11,2,0.0,19506.75185866394,5,0.977909700834045,0.3987309695286302,7,311.2461631305697,829.6063061781397,1,0,0.0,0.0,0,1,8,2,150,4,5,0.8271788505099451,120.05732890617074,low_profit,1
CUST100501,28,Male,Divorced,4,Master,Retired,55461.02339302433,Owner,27,4,0.0,41826.984835168005,50,0.4440197351903882,0.1552019336514781,3,118.05726299706804,680.4609648822976,6,4,4805.062808812232,0.4421322988560651,0,9,1,2,6,5,6,0.9226986827564058,-429.2400520842217,loss,0
CUST100502,51,Male,Single,2,PhD,Retired,53531.712642959326,Renter,25,1,1281.4211772133444,15430.767566393144,14,0.5532941623636376,0.3639049341565911,10,476.9200792420404,850.0,8,3,63988.72328391274,0.7992236429822258,0,18,8,1,97,4,4,0.1318727128782316,-117.90052604054164,loss,0
CUST100503,19,Female,Divorced,0,College,Unemployed,64732.84317881309,Renter,18,4,0.0,461.501449361971,5,0.6155472492744765,0.1521257185081927,5,188.5400227416065,819.1899334413573,10,4,145001.58286696457,0.6486009444108799,1,9,10,2,45,4,8,0.0172666865580475,-1421.9005893365909,loss,0
CUST100504,19,Female,Single,2,Master,Self-Employed,54111.580458361896,Renter,1,5,8017.000089017356,33510.72459157196,11,0.276445671148928,0.0,9,465.28896571003713,610.9682151980128,7,1,43592.22358512833,0.707258181903438,0,8,8,3,32,2,3,0.1469017853680191,-117.93590895525271,loss,0
CUST100505,24,Male,Single,5,High School,Self-Employed,55136.28073560425,Other,16,4,6430.487698789523,46992.23977032426,75,0.3173344361927775,0.4385715168474873,8,269.55118930769675,758.2571318808805,4,2,0.0,0.0,1,11,1,1,89,1,2,0.506937939255034,-1216.772173033087,loss,0
CUST100506,32,Male,Married,1,Bachelor,Unemployed,48208.41728815797,Other,13,1,15016.3182520856,57869.09055048863,83,0.426475330262282,0.442109820459557,4,171.03128762827166,742.9340822801735,5,2,87963.96483859656,0.4887762506478438,0,20,11,3,75,5,1,0.1603128192447268,-276.6023983749459,loss,0
CUST100507,23,Female,Married,4,High School,Employed,110072.08577478991,Other,6,3,0.0,62295.57581419703,66,0.7157679705386888,0.2355943691015883,8,405.2454197058787,832.5432109095078,3,3,0.0,0.0,0,1,4,3,195,1,2,0.9586251671278316,-411.8142378503175,loss,0
CUST100508,46,Female,Single,4,High School,Retired,37896.89592157134,Other,16,5,0.0,34370.680848218915,57,0.3169393559484386,0.5018943577191938,3,158.69332998597037,615.5058561406504,3,2,0.0,0.0,0,11,7,3,80,1,4,0.4450074861407155,-204.28247002980717,loss,0
CUST100509,70,Female,Single,2,PhD,Employed,57376.94013668457,Renter,20,4,10483.196275544986,48991.89142728977,78,0.2303498346281648,0.2881169637455011,6,329.350019093732,850.0,2,4,72423.47445352917,0.5307146987986201,0,13,4,2,73,3,6,0.1179640224688198,-169.90459831365928,loss,0
CUST100510,70,Female,Married,4,Master,Self-Employed,52120.21439051497,Owner,28,4,1636.1305458886377,49206.09592562941,2,0.1667709434091213,0.3924967248133708,6,276.7183231428783,582.0630878367383,7,5,67225.43864110374,0.7343062343458107,0,1,13,0,176,2,2,0.132377755007871,345.97854282479693,low_profit,1
CUST100511,85,Female,Widowed,2,College,Retired,86625.11902242177,Other,17,2,12608.466543114777,31201.719892303277,92,0.293391891710681,0.3776624010846899,5,349.54209445837046,824.9504900706158,9,4,0.0,0.0,0,1,2,2,114,4,8,0.7406974795073619,-31.9000608539844,loss,0
CUST100512,73,Female,Widowed,5,College,Self-Employed,36822.937537312784,Other,24,5,8791.53118726124,54604.44351301575,66,0.0837894912977247,0.1806051426557852,0,73.97478174255355,460.9695632530562,10,3,8777.925497552984,0.7826947464034812,0,14,5,2,197,1,4,0.2973485327757408,135.48005722719654,low_profit,1
CUST100513,61,Male,Widowed,2,Bachelor,Retired,72845.58743431728,Renter,24,2,2200.066981255203,4419.3852756042725,19,0.041934429213309,0.4030588643248934,3,143.56737494916925,616.5718189965376,9,2,268409.6733380456,0.7141014416709032,0,9,5,0,73,3,8,0.4389167444678645,244.826269263868,low_profit,1
CUST100514,39,Female,Divorced,4,High School,Self-Employed,41658.44257834116,Other,8,2,4070.557933864117,25209.961559565003,13,0.2068431120527046,0.5233667551059908,8,265.8592040329166,718.6416169744047,0,4,0.0,0.0,0,6,0,3,6,3,4,0.2818375225499715,-123.90181895528929,loss,0
CUST100515,72,Female,Married,3,Bachelor,Employed,61479.24994560668,Other,22,1,12688.396759688969,17835.469851104815,57,0.888879756869867,0.3726231255489046,7,366.3145075249976,731.1109991143195,4,5,0.0,0.0,0,11,2,1,186,1,6,0.1567271911133838,456.2531191998197,low_profit,1
CUST100516,60,Female,Widowed,5,PhD,Employed,98719.3338276764,Other,22,3,1028.0468385401236,7954.605190882892,5,0.4333776243063717,0.3695123227607104,8,393.688384047642,708.6697699414397,10,5,85566.89485632294,0.6383154792388179,1,20,0,1,35,5,7,0.8721148218450127,-1361.8405584152003,loss,0
CUST100517,46,Male,Divorced,3,College,Retired,103419.1709817542,Owner,23,4,10681.03205128646,9006.890021801177,37,0.1317919283998978,0.5725125705424904,10,527.7529464075894,850.0,3,0,365205.6734512085,0.3753011933520803,0,15,6,1,9,4,5,0.6133782221398519,1061.680049975202,high_profit,1
CUST100518,48,Female,Widowed,4,College,Unemployed,0.0,Owner,28,3,10531.491563792091,19035.994036664542,86,0.4850599504278746,0.6846891589649906,10,360.6465799247241,622.5385029981418,7,2,0.0,0.0,0,3,9,3,114,3,4,0.6624181898300743,190.8145681450248,low_profit,1
CUST100519,32,Male,Widowed,2,High School,Unemployed,735.3668634858768,Other,12,2,12510.9945450731,0.0,100,0.8821714481989944,0.3056915162366317,7,354.51850165286817,492.2188180143803,0,2,17970.219546335808,0.9286756311609068,0,6,13,0,143,3,5,0.6749890470327314,275.10881418860924,low_profit,1
CUST100520,70,Female,Widowed,3,Master,Unemployed,34095.191851051975,Owner,8,4,4687.965110609161,30360.33744088893,94,0.2189481954264756,0.3945260691686811,10,393.554588363246,563.3141636719174,6,1,109256.72738473308,0.0591216736794448,0,5,6,0,157,5,6,0.1292153343927949,585.8245047573218,medium_profit,1
CUST100521,20,Male,Widowed,0,Bachelor,Unemployed,45351.78472645366,Other,2,1,11333.268260712384,30452.617053537386,67,0.2104633924521337,0.0188873892287426,8,247.27376734053485,601.5006874182985,8,3,69868.00095474068,0.5841865316270887,0,7,9,1,95,3,7,0.2156150978278455,-239.34145355983597,loss,0
CUST100522,49,Male,Single,0,PhD,Employed,45574.98631464062,Other,12,4,11961.67997159289,19646.14854261571,6,0.1569455063573249,0.2823817511941853,4,227.280875173826,850.0,3,0,0.0,0.0,0,3,12,3,33,3,2,0.0765270819804835,218.45737361515097,low_profit,1
CUST100523,82,Female,Single,0,PhD,Self-Employed,83507.6899439582,Owner,23,5,0.0,23635.249445147598,51,0.1942840802034118,0.1437687243737771,9,459.291626906711,674.0199859232488,6,4,209853.8112096341,0.7604256917236238,0,9,8,3,51,1,5,0.9692623887661896,-169.38717515503012,loss,0
CUST100524,78,Female,Divorced,3,High School,Self-Employed,17513.188326220632,Renter,17,3,0.0,0.0,62,0.2844229855214487,0.1381238357834491,8,317.0091475770744,795.6703186385658,7,5,101694.6515748371,0.5556973474095752,0,11,3,3,57,5,1,0.3973486182928516,-783.6120299867415,loss,0
CUST100525,47,Female,Divorced,3,PhD,Employed,39333.43372273783,Other,9,3,7047.588824017842,45317.5655896123,19,0.8096807869517343,0.0,1,59.80503288764667,729.9647687837348,7,4,143243.48709546673,0.516979942207326,0,4,12,3,133,5,4,0.0589329583004748,-384.2361136353793,loss,0
CUST100526,81,Female,Widowed,2,Bachelor,Self-Employed,144439.6333341766,Owner,10,5,3956.572070131081,37866.14100010647,77,0.4065342833953195,0.1523885832677216,0,41.84483551239657,718.125116260205,8,3,96027.16249823038,0.6389684680540276,0,10,7,2,118,4,9,0.5548072446782358,-415.9267760316943,loss,0
CUST100527,28,Male,Widowed,5,High School,Retired,66190.85313976352,Owner,24,1,19621.95938717637,38972.71529029054,21,0.5199390183996316,0.4923974378143682,1,114.182221710112,676.2988029987372,1,0,124990.02394237106,0.6558535676433052,0,15,5,3,35,5,7,0.399405658314068,442.9272874989225,low_profit,1
CUST100528,55,Male,Widowed,2,Bachelor,Unemployed,69555.63014396623,Other,28,3,0.0,17342.39450230416,73,0.6502207157458787,0.3378656614584748,2,192.8087107193276,729.7244273380124,9,5,0.0,0.0,0,19,8,3,118,2,6,0.927079593738647,-675.3783017694542,loss,0
CUST100529,35,Male,Widowed,0,Bachelor,Retired,77160.18834901419,Owner,4,4,0.0,0.0,9,0.9933103172255764,0.2710190841837137,0,37.53488540540282,655.405628613884,1,4,61314.04570530229,0.5273766677688867,0,3,1,3,152,2,2,0.3504527929152811,-1177.0226948522254,loss,0
CUST100530,46,Female,Single,1,Bachelor,Unemployed,48349.59185096525,Renter,18,3,1943.80888931687,42673.220495481175,48,0.6245009360238077,0.16036006507779,6,318.2809344193962,850.0,10,5,0.0,0.0,0,18,4,0,187,2,5,0.178325260154438,-1.4224264599955063,loss,0
CUST100531,31,Male,Widowed,2,PhD,Unemployed,53270.43087365686,Other,27,5,13595.848723435562,31596.029681174663,86,0.909229744027606,0.5279111072050938,3,236.71596487199017,661.2638035447188,3,0,0.0,0.0,0,19,4,1,42,4,1,0.3233378758861677,1164.3352897254872,high_profit,1
CUST100532,24,Male,Widowed,3,Master,Unemployed,56595.58062353577,Renter,16,1,7215.584736242106,54695.038280895904,31,0.5601451351735491,0.0936089515811129,6,337.68409563621424,759.5490897639257,5,2,0.0,0.0,0,10,2,1,42,3,3,0.8398761036786678,-47.78055198361601,loss,0
CUST100533,74,Female,Divorced,5,High School,Retired,62168.36896152866,Other,11,2,0.0,14423.259143591304,4,0.866138438624793,0.5702145784826278,7,298.1504462853151,788.6191188584796,6,1,43736.04226727651,0.6486246917025786,0,6,12,2,45,1,4,0.4420805674865199,-24.56996962370768,loss,0
CUST100534,85,Male,Single,4,Bachelor,Unemployed,100697.50157483948,Owner,29,3,2996.474222058361,34636.84184269696,33,0.5027933561918434,0.529206028828413,0,6.705638240602774,622.2628515154094,4,5,205878.9184496894,0.2939077180513246,0,1,8,2,160,1,10,0.8233257087351865,-83.40180388842413,loss,0
CUST100535,78,Female,Widowed,1,Master,Employed,48819.73248144076,Owner,11,1,2573.0125217471823,0.0,79,0.8942651354768161,0.2090410565244614,2,99.494326032002,596.0193468973116,2,0,0.0,0.0,0,3,1,3,163,1,6,0.0974754606030158,308.5743854891026,low_profit,1
CUST100536,53,Male,Single,2,Bachelor,Self-Employed,88733.74843418718,Other,23,3,7076.033514006258,36153.53306802228,67,0.0141712124686327,0.0808961222308875,10,457.8606432317373,611.9245910397269,10,0,229872.5018351312,0.4529597930473507,0,16,4,2,21,2,8,0.04450842943434,1417.1024976403387,high_profit,1
CUST100537,43,Female,Married,5,High School,Unemployed,52708.16403357401,Renter,17,3,5022.879361435041,51407.3032045986,16,0.3414524902869185,0.5543784843877313,9,317.4685530804407,688.9187439720913,7,0,11175.69464784611,0.5888159102955574,0,2,5,0,47,3,10,0.6266249415708005,989.9133392037388,medium_profit,1
CUST100538,20,Male,Single,1,Bachelor,Retired,86739.11060609267,Owner,28,2,5042.298589941516,42377.725960463074,40,0.837308322495897,0.6276719464541882,10,517.182923319676,738.1309612264785,2,2,81165.28560047783,0.2962178349819864,0,9,5,2,35,5,6,0.4139827730205683,76.63059184850204,low_profit,1
CUST100539,42,Female,Married,1,Bachelor,Unemployed,71651.27187690506,Other,14,3,4051.757687191278,19704.34650170516,12,0.4898856606718383,0.3487060408372689,9,412.1992967260071,693.9596270803091,8,3,162778.02506338985,0.6172221736517955,0,5,1,3,39,5,10,0.2106627970468672,110.16966680927072,low_profit,1
CUST100540,73,Female,Divorced,1,Bachelor,Unemployed,89704.98716877867,Owner,16,2,2828.689250537975,40530.73367344614,34,0.2182549198544635,0.2045178587614399,4,124.31755915494811,635.0173114502563,10,5,58416.823018569616,0.602565728708737,0,4,14,2,95,5,7,0.6583048074572591,-652.5906653207766,loss,0
CUST100541,22,Female,Single,5,Bachelor,Employed,51940.62740070772,Owner,13,4,0.0,21344.522328232222,43,0.3366718415013052,0.4587636934287631,1,98.47202219357054,670.2623920756894,2,3,25361.6597485452,0.7972753011811874,0,0,14,3,151,5,7,0.730954858655732,-632.4594251853723,loss,0
CUST100542,78,Male,Divorced,5,Bachelor,Unemployed,13715.903452713006,Renter,21,4,3393.6888047450566,20316.52097502526,39,0.0401289684382503,0.1067507360493491,3,278.06829462513264,682.4621544101309,8,0,99150.56472467836,0.5981422876864368,0,8,12,0,41,5,3,0.92235359773474,514.8773898426244,medium_profit,1
CUST100543,85,Male,Married,1,Bachelor,Employed,114402.2309554627,Owner,9,2,1571.211384424359,35566.97269289339,45,0.4587135195433636,0.198157327480173,2,190.9334748202195,615.3640280113027,3,1,0.0,0.0,0,2,5,1,52,4,2,0.7241343874091842,-71.05897454476052,loss,0
CUST100544,37,Female,Single,3,College,Unemployed,70784.27392641376,Owner,15,5,28490.75786700757,15679.131274483194,88,0.394047295293061,0.2166749388769074,3,236.0723614650033,693.6876986888752,7,5,89579.88487097471,0.652710162390957,0,3,12,1,81,2,7,0.7732604393892871,326.86073182654843,low_profit,1
CUST100545,54,Female,Widowed,4,High School,Unemployed,0.0,Renter,21,5,0.0,20082.436559797014,4,0.2216940439163753,0.5194600375087417,9,288.06591930190075,543.4351968394403,5,2,0.0,0.0,0,0,12,0,165,2,3,0.4999496876297187,447.3269567308831,low_profit,1
CUST100546,23,Male,Divorced,3,High School,Unemployed,67309.71671108143,Renter,20,2,0.0,10289.2079855814,55,0.1507475695383855,0.106051256073065,4,279.7276234860817,711.053531747394,0,2,0.0,0.0,0,13,5,1,101,5,2,0.4649227023588786,108.38877281282764,low_profit,1
CUST100547,28,Female,Single,5,Master,Employed,0.0,Owner,10,2,0.0,7478.920781778994,74,0.5069704307913055,0.2487318643255015,10,392.6970834428244,646.1952241509862,10,3,129784.37798957666,0.2281326456679884,0,1,9,3,66,1,10,0.8071250900806366,-356.7671663313436,loss,0
CUST100548,75,Female,Widowed,5,Bachelor,Unemployed,76750.09269635117,Owner,25,2,23566.474365619542,20364.680578130494,55,0.5317116287321655,0.3648917208705034,6,218.22068013668488,519.6137207437635,0,2,0.0,0.0,0,18,8,1,131,5,8,0.4348880428712337,777.8111138661502,medium_profit,1
CUST100549,77,Female,Single,0,Master,Retired,59833.19119055788,Renter,1,5,16785.126897984228,2531.9422206050185,88,0.3692964185202628,0.4039804279057505,6,229.47659547527527,850.0,0,4,91970.5608357266,0.6553163011182097,0,9,11,3,4,4,6,0.2976833480297229,-347.1181332244737,loss,0
CUST100550,22,Male,Divorced,5,High School,Retired,12873.556286222636,Owner,5,1,18555.72935710348,17782.847203898684,69,0.0945725748394028,0.4008966512766034,2,148.8785097629751,543.6965693428747,4,2,0.0,0.0,0,19,7,3,10,1,6,0.3727953287831498,-1.5135313558603798,loss,0
CUST100551,36,Male,Widowed,4,High School,Unemployed,49580.93133126472,Other,23,3,19532.754760425443,28435.386818829644,55,0.4007395880101879,0.0,2,120.37877842228212,789.2067599731721,10,5,0.0,0.0,0,13,3,1,146,3,5,0.6155814715775815,-82.43816812332642,loss,0
CUST100552,49,Male,Divorced,4,Master,Self-Employed,60756.32602620246,Renter,8,2,0.0,33285.89530741138,36,0.5015630846577855,0.7392446284305598,0,181.94928196260395,749.2986458514459,10,2,44248.22469945368,0.8150686803913796,0,13,6,0,200,4,3,0.2747686599720513,-57.54502895659717,loss,0
CUST100553,77,Female,Single,1,College,Employed,66286.02690788383,Other,10,2,0.0,34676.960515791965,9,0.6113862789260693,0.507088683283389,9,417.0105807901243,616.3937847899975,10,4,192449.5821246948,0.5816587951709747,0,12,15,0,87,3,6,0.3463663147585741,-462.4404519889868,loss,0
CUST100554,74,Male,Widowed,5,Master,Self-Employed,89928.96230760733,Other,22,2,2132.057642617307,45190.29774972216,87,0.390061253724192,0.2416482735482925,6,322.3943261348052,694.0173856470096,1,5,99356.02043342916,0.6581794115180012,0,11,2,1,191,5,6,0.3040327302502321,-591.158279920705,loss,0
CUST100555,58,Female,Widowed,0,College,Self-Employed,26362.687797168248,Other,11,5,14294.099847908155,27357.26822196905,56,0.4153929948495762,0.1952537394457156,0,56.77753620809239,564.1425984742525,7,1,0.0,0.0,0,17,4,3,155,1,2,0.3957496972255809,-398.2123556417563,loss,0
CUST100556,45,Male,Divorced,1,College,Retired,56961.57843895401,Other,13,3,0.0,10668.242180293695,97,0.2177526013417541,0.2863753149664094,9,404.1991090877447,736.3970630852738,10,0,259319.79322099447,0.2976233160873572,0,20,10,3,57,4,8,0.7568281849020267,319.62280373578966,low_profit,1
CUST100557,54,Female,Married,1,Master,Unemployed,89193.04683045216,Owner,17,3,0.0,34064.71909172062,98,0.4640214864625827,0.2084733501324769,2,83.331652990105,718.5688580418739,9,5,200913.10134045503,0.7211212465262626,0,13,13,1,162,1,10,0.224192612905592,-382.8499319855505,loss,0
CUST100558,82,Male,Widowed,0,Bachelor,Self-Employed,47090.720401360726,Owner,18,4,0.0,25830.63578919184,88,0.0909664403784727,0.5413216309727831,5,246.4044933307973,547.2832143410352,10,3,0.0,0.0,0,6,5,3,94,2,3,0.4721688921536571,-232.33568509785687,loss,0
CUST100559,43,Female,Married,2,High School,Employed,30460.35645458213,Owner,18,4,0.0,21528.028365436458,59,0.2450469708716205,0.02687651916197,9,313.30551742333853,602.5878153783632,2,3,120342.79167873088,0.3385260435538071,0,3,10,1,62,4,2,0.0068833138690037,-149.2502099555487,loss,0
CUST100560,22,Female,Widowed,3,High School,Retired,41099.25061398317,Renter,28,5,12319.555025098458,26061.56384006221,16,0.7157948522016147,0.2070837843768763,9,390.0722029207769,704.4358797515607,0,3,0.0,0.0,0,1,9,3,185,1,6,0.3994294383870409,616.7889655982151,medium_profit,1
CUST100561,83,Female,Widowed,0,High School,Self-Employed,71503.05094210933,Renter,24,5,906.9152590427876,50118.49023592833,97,0.791618541715918,0.0745007802093922,2,188.6366899030267,812.7908993253569,2,1,65449.36655952512,0.5326894820243653,0,6,8,0,84,1,8,0.8991953112861728,514.7056633092432,medium_profit,1
CUST100562,80,Male,Divorced,2,Bachelor,Retired,56782.05702567175,Renter,25,4,17202.82896417717,8466.417450579731,90,0.2579217595475255,0.1474961521706803,4,276.0416727470904,803.630289207248,2,4,0.0,0.0,0,7,11,2,182,3,5,0.94479191091535,99.59096906494892,low_profit,1
CUST100563,38,Female,Widowed,5,Master,Unemployed,110983.0794902613,Owner,23,2,982.0497305836634,43627.246531506105,19,0.6074494219745165,0.0692615437320282,6,211.02195146535843,775.473329806781,3,4,69942.39859867671,0.694607656432043,0,18,0,2,93,5,9,0.4058446323646182,-360.3907050220951,loss,0
CUST100564,39,Female,Married,4,PhD,Unemployed,10167.497532984824,Other,11,4,10032.520647495048,0.0,63,0.6483765033567016,0.236529901551493,8,335.3638836254009,794.118186641997,6,0,69189.77358730361,0.9896685289579626,0,2,10,1,79,2,4,0.1500885209315683,1046.1593641588572,high_profit,1
CUST100565,33,Male,Divorced,3,Master,Employed,40383.04835023271,Other,27,5,5273.133798514386,29052.58594911128,30,0.7413778618166594,0.0,5,237.910448960382,605.9601083515647,1,2,0.0,0.0,0,8,2,0,114,5,9,0.2479719463340359,447.5260995426971,low_profit,1
CUST100566,50,Male,Married,1,Master,Self-Employed,61424.80404754929,Owner,19,3,2509.281553469593,0.0,71,0.2774765572798191,0.3808425730554664,3,280.49348449449656,771.587274469096,2,4,72703.4478864889,0.5351863649582059,0,6,7,1,149,5,8,0.4642712928225861,73.2567035505157,low_profit,1
CUST100567,24,Female,Single,1,Master,Employed,80406.61081430073,Renter,2,4,8074.035697196884,13507.75499130478,26,0.0998759086606564,0.3553201531022361,9,341.7955885368484,819.5480650825479,9,0,0.0,0.0,0,3,14,1,150,5,8,0.9922376871145898,757.1519375642781,medium_profit,1
CUST100568,50,Female,Divorced,3,College,Unemployed,44231.07198043847,Other,15,5,5324.070133401362,16550.288079873277,37,0.9514356974160644,0.3446541671840522,4,217.00600150596227,525.7778307364724,5,2,0.0,0.0,0,16,9,3,28,2,8,0.0065172859967316,-13.96440691365109,loss,0
CUST100569,83,Female,Widowed,1,College,Employed,64060.15043676873,Renter,21,3,14944.473755089071,42920.12374229103,13,0.9252953370066724,0.0,7,336.36200608588626,850.0,2,1,79527.99406208683,0.4447001719013999,0,7,6,2,128,3,6,0.7664205173432791,597.5269567509849,medium_profit,1
CUST100570,78,Male,Divorced,4,College,Self-Employed,65285.69467508077,Renter,5,2,0.0,33958.33334684151,99,0.3962399869100088,0.1785055424759385,2,189.07179158685364,659.5638007309977,2,2,0.0,0.0,0,15,13,2,58,3,8,0.9343299780505712,-924.3417607112818,loss,0
CUST100571,56,Female,Married,2,Bachelor,Unemployed,64375.09410646152,Other,10,4,10852.99436516338,40297.67192152744,40,0.4252979126817464,0.4639850505270468,6,196.8962204267976,732.4340210014868,6,0,0.0,0.0,0,11,4,3,196,3,1,0.8185330681826093,231.9974406314597,low_profit,1
CUST100572,43,Male,Divorced,2,Bachelor,Employed,19274.473804741952,Renter,13,4,0.0,10715.998571535109,42,0.5580681678650696,0.516011211827862,3,222.43540612636565,794.2788514140076,7,2,98730.52370449949,0.8143859730423595,0,7,5,2,185,4,10,0.4698717590573829,-79.08255607998157,loss,0
CUST100573,23,Female,Widowed,1,Bachelor,Retired,70457.85359582941,Owner,3,1,3748.255716168358,46937.64207769828,82,0.3426919302049742,0.2769551534895604,8,414.27712479157015,661.5057111589919,1,3,104090.851856099,0.7752338334382466,0,2,10,3,38,2,10,0.298855629370273,-283.3967609437302,loss,0
CUST100574,43,Male,Widowed,1,Bachelor,Unemployed,58167.72985942872,Other,16,3,0.0,0.0,89,0.0218518088792827,0.3400919262827457,1,173.5575161139633,760.8905356254631,5,2,76206.68090867256,0.2100876564491265,0,14,6,1,82,4,4,0.4608036902711078,-153.8464851774568,loss,0
CUST100575,60,Male,Divorced,2,PhD,Employed,0.0,Owner,3,4,18697.011076541847,8278.90835763828,55,0.396307981059438,0.5510807218919793,7,397.201679118288,794.5869643684146,0,4,0.0,0.0,0,18,13,0,129,3,9,0.4920094704825164,-306.41982484568234,loss,0
CUST100576,60,Male,Single,4,High School,Employed,70511.10649159015,Other,5,5,0.0,32049.69284316415,12,0.5739252412505215,0.2034344818386163,7,416.2921489305024,521.8841585534367,1,5,0.0,0.0,0,8,14,3,189,2,6,0.0730257867401377,-469.3727882490568,loss,0
CUST100577,61,Female,Widowed,0,Master,Unemployed,43153.26761008124,Owner,19,4,0.0,43917.276781875706,3,0.0085379051061714,0.534688455326489,5,198.12807238578552,672.7455278638191,3,4,15940.12930901385,0.7000286066227768,0,10,14,1,197,5,6,0.8932435354613641,-831.7275416747302,loss,0
CUST100578,37,Male,Married,1,Bachelor,Self-Employed,66694.59164243091,Owner,0,5,10518.859718221542,43604.60416835258,78,0.9444947305671744,0.0,0,108.01525018888653,623.864473019106,1,2,0.0,0.0,0,7,6,1,77,2,7,0.9910036271145786,-195.43738647969843,loss,0
CUST100579,47,Male,Divorced,0,College,Retired,74422.33739303952,Owner,26,4,19967.10407445981,20100.69039263854,4,0.4439524625802992,0.2004855003381572,3,175.77497436989694,814.9672018878747,6,1,79657.6938530305,0.8535303022375947,0,12,3,0,44,5,10,0.7245183402038826,1040.0258237521589,high_profit,1
CUST100580,33,Male,Married,0,Master,Unemployed,25286.501438601877,Other,10,4,0.0,0.0,25,0.2103274612512595,0.4324103669516946,1,104.96960796911188,818.8596823087008,4,4,234936.2141386381,0.768621066464648,0,14,0,0,97,4,7,0.9615687568298956,-422.9605535002368,loss,0
CUST100581,30,Female,Divorced,2,High School,Retired,42599.510020389454,Other,9,2,0.0,47001.58664835106,90,0.084451471644883,0.3835361504478801,10,506.2053057047793,710.7444374340893,0,2,88737.14806329898,0.6646370964916412,0,10,1,1,63,2,10,0.0092739472385369,770.9312140766126,medium_profit,1
CUST100582,84,Male,Married,5,Master,Employed,98849.56754450868,Owner,19,2,10442.20352340347,46916.05745125856,95,0.660952190258239,0.4028125104849551,5,320.5278925764587,653.8830267965382,6,1,125656.467491314,0.3211009862281476,0,16,4,1,93,1,3,0.0299801267501368,889.009777673145,medium_profit,1
CUST100583,44,Female,Widowed,5,Bachelor,Unemployed,24164.311807018945,Other,10,1,7858.03286794733,13096.920831476822,4,0.3315820472575491,0.4106777966148853,7,351.8012331449592,696.6074774072091,6,0,0.0,0.0,0,19,5,1,25,1,6,0.8971886949442303,228.67178104250544,low_profit,1
CUST100584,29,Female,Single,0,Master,Retired,42662.37669501869,Renter,27,5,13811.46720813369,30026.513774688145,57,0.1344053958126579,0.3790841970776076,9,297.9925864905353,604.2431044984788,7,3,0.0,0.0,0,8,4,2,168,5,6,0.9569053546608208,111.7039027976006,low_profit,1
CUST100585,30,Female,Widowed,5,PhD,Self-Employed,85701.07440727667,Owner,7,5,21773.770878054893,13896.564965142476,17,0.8054474811426485,0.515369628931536,2,70.94883368776176,483.0322582274298,1,5,0.0,0.0,0,19,3,1,57,3,3,0.7300302733433943,-809.645502252916,loss,0
CUST100586,56,Female,Widowed,5,PhD,Unemployed,19424.73931677833,Owner,10,4,0.0,38259.97824275596,48,0.66120182831005,0.2571864604544277,9,461.4266134125088,737.940539760511,6,5,119047.2686121513,0.6531233986345066,1,6,5,0,36,1,4,0.1618852048871188,-1033.5386144841975,loss,0
CUST100587,59,Male,Widowed,3,Bachelor,Self-Employed,57914.03141273192,Other,27,5,0.0,51156.28361641592,52,0.4521041139416305,0.1821775734437746,3,141.1567356274669,606.4403701237574,7,0,32208.212419560183,0.4174378161406973,0,20,10,2,47,3,6,0.8069884991047613,167.0904410899318,low_profit,1
CUST100588,80,Female,Single,5,Bachelor,Unemployed,70321.617646904,Owner,25,3,8483.41739246127,12043.398671487412,55,0.6422926934466807,0.202458925410251,8,255.52326472538903,807.4333004770244,7,0,99640.0117733941,1.0,0,9,4,2,78,4,7,0.5532985402964926,999.8895948215776,medium_profit,1
CUST100589,28,Male,Widowed,4,College,Self-Employed,94328.79205679818,Other,7,1,0.0,45277.20703266845,26,0.7334123234793231,0.2893786396606178,5,307.26627305448835,644.901819646175,9,4,66801.53405325285,0.7890423069222967,0,17,11,1,177,5,3,0.3744721200969054,-595.4746767363238,loss,0
CUST100590,30,Male,Married,5,College,Retired,33645.785959738205,Owner,8,1,12424.589135926202,17248.24915848072,52,0.2964964314533203,0.3433366237928572,8,456.5096080974511,669.6649932522865,7,2,28113.37482643743,0.7532485950081019,0,9,0,0,64,5,5,0.2087547996867608,311.23103296915343,low_profit,1
CUST100591,26,Male,Widowed,1,College,Retired,118355.852228308,Owner,24,2,0.0,18046.646334902856,51,0.786312849517487,0.3740423779883481,10,410.18420888315313,758.431416643531,3,2,39952.42794282948,0.5885218593996915,0,8,4,3,31,5,3,0.2058310914291542,367.7345324624072,low_profit,1
CUST100592,36,Female,Divorced,0,High School,Unemployed,53067.91567626959,Other,3,5,18931.812579349054,46786.982284632046,61,0.2321811740131782,0.4745648702011269,7,220.89045365012225,603.3843276629583,9,3,42061.15755942971,0.5399068102558593,0,10,8,0,97,3,2,0.6268983369061774,-256.9748226776088,loss,0
CUST100593,72,Male,Widowed,2,College,Employed,70804.92551837301,Owner,23,5,0.0,43108.07659700474,77,0.865085068066041,0.0859616874211336,3,234.06296077672636,850.0,6,3,0.0,0.0,0,3,8,2,64,5,6,0.4196453591211027,188.90567417463515,low_profit,1
CUST100594,50,Female,Single,0,High School,Retired,83755.77931164202,Owner,18,4,0.0,47049.37286865901,29,0.5910844388139771,0.0541632804399167,10,476.0359240068565,845.2117699182561,7,4,51414.92649657583,0.480717718406224,0,18,12,3,10,5,2,0.5903430345520797,-615.2161684430282,loss,0
CUST100595,30,Male,Single,1,Bachelor,Retired,84267.57808178158,Renter,22,1,0.0,15012.846211544447,45,0.647088473946872,0.2556926804832523,7,349.325296841072,582.3037887230032,8,0,232054.3907941816,0.4867210817570553,0,20,13,0,55,5,3,0.0241444232353662,802.8440205412511,medium_profit,1
CUST100596,60,Male,Divorced,3,High School,Retired,66284.10250943317,Renter,11,3,0.0,29880.905815745413,46,0.9735795629440888,0.4568005558621496,3,240.04093470379732,681.1738664913694,5,3,169311.2945851028,0.8043030785563727,0,20,8,1,53,5,9,0.6482869112631764,-189.03544748669177,loss,0
CUST100597,69,Female,Married,3,High School,Unemployed,46210.29683181009,Renter,19,5,0.0,17728.24789274411,95,0.80515567836341,0.339248188133344,3,145.66305752933118,754.5786713532356,1,5,0.0,0.0,0,19,15,1,193,4,4,0.2646803919671177,-642.0894819447675,loss,0
CUST100598,80,Female,Divorced,3,Bachelor,Self-Employed,64742.67675969553,Owner,10,1,2224.557436844484,55825.47678031758,15,0.1897897540170463,0.3843560148501742,4,276.3988732450181,831.0191908080897,8,2,28403.947964976775,0.787495498501385,0,17,5,3,158,1,4,0.0933636731694803,110.96414106236688,low_profit,1
CUST100599,69,Female,Married,5,Bachelor,Unemployed,99350.80347817983,Renter,4,4,0.0,24926.478449152382,14,0.8450094905203205,0.2309670589100407,4,318.6858558598652,748.9254535076327,5,1,118635.3555014533,0.4322214651948527,0,1,7,1,170,3,1,0.4944929273759468,189.35789843345904,low_profit,1
CUST100600,46,Male,Married,3,College,Self-Employed,0.0,Owner,9,2,19419.450058018894,19752.51518646613,3,0.8575313434915283,0.3111727879688993,7,316.5603185593408,669.0350286011939,8,4,164602.75750134152,0.0324987117205242,0,5,12,3,191,3,6,0.8034260854253569,-470.08579145814144,loss,0
CUST100601,51,Female,Divorced,2,College,Unemployed,56825.43727506907,Other,11,1,463.636124083172,64524.53091271265,89,0.1344928020362745,0.1225341082288457,3,214.65840586946308,777.1796177235661,1,4,85625.27887060837,0.8523038505071032,0,17,10,0,154,2,6,0.7175645359020268,-831.4635192803188,loss,0
CUST100602,46,Female,Divorced,4,High School,Retired,38010.93302628723,Other,14,4,15960.699074773986,38506.42616660221,76,0.4361842503000628,0.0,2,140.13595806806077,646.0694985536729,10,0,88638.26538480609,0.7675528443093178,0,15,4,0,174,3,2,0.9547342488085389,249.14761754696735,low_profit,1
CUST100603,53,Female,Single,5,PhD,Retired,0.0,Renter,22,2,10232.231857370332,5593.5862011204845,51,0.2152041395142735,0.0,7,336.12896392212224,416.7674075015859,4,2,131398.0860197741,0.6257234900809933,0,16,13,1,196,5,10,0.3144585927034472,373.413028575355,low_profit,1
CUST100604,18,Male,Divorced,4,High School,Employed,101670.73088888286,Other,2,5,11373.246830230724,62326.00085443833,53,0.7303803426117242,0.0214529055666006,3,202.76907976076228,696.5449376046037,2,1,0.0,0.0,1,15,3,2,22,1,7,0.5740028895506903,-870.9731638921788,loss,0
CUST100605,67,Female,Widowed,5,Master,Self-Employed,52541.52438699968,Renter,5,1,11266.136372630708,30911.277622837966,40,0.3551569519744139,0.4246814276559831,6,302.68023664703776,770.3440133138894,2,2,265492.8677383142,0.5369406689427751,0,7,11,0,86,4,2,0.5238672737610923,-204.59368852717031,loss,0
CUST100606,20,Male,Single,5,Bachelor,Employed,67382.50845949227,Owner,0,5,0.0,59639.21536873072,2,0.0046610260520849,0.2433563922109534,6,328.38346781349344,643.442363212601,9,4,2868.427884888209,0.7436834846943282,0,2,5,1,162,5,8,0.1817867050708382,-146.67677290873053,loss,0
CUST100607,45,Female,Single,5,College,Unemployed,40749.99539608853,Other,5,4,21653.51917623531,12876.603186764998,91,0.8459730586385126,0.3071132148065987,2,223.0188693611032,765.230615161023,7,0,0.0,0.0,0,17,3,2,74,1,6,0.6830320520730074,536.3753225265791,medium_profit,1
CUST100608,84,Male,Single,3,College,Self-Employed,28346.76973558652,Other,29,3,13227.827808340026,10746.979761620474,59,0.9286064703649878,0.4385538063697721,8,423.3541399292259,810.5833066294713,1,5,136143.65256328048,0.6502633296476205,0,10,7,2,36,2,8,0.1883401855383363,185.82718447650493,low_profit,1
CUST100609,69,Male,Divorced,0,Master,Employed,42707.41270995469,Other,2,3,19710.34690817104,16010.095596647136,68,0.5629966972402244,0.0925867852860007,8,393.1185196400509,766.536893503283,10,1,0.0,0.0,0,4,14,1,74,4,7,0.4351388244112353,382.4507588145832,low_profit,1
CUST100610,28,Female,Single,3,High School,Unemployed,16691.872134907055,Other,15,5,170.9016053948235,28345.699522070136,50,0.3058975823045864,0.3486183455321398,4,270.6140401839108,795.1306244299483,8,0,102689.79236657938,0.561825556089364,0,2,9,1,164,3,1,0.5342921318707101,423.9387432154152,low_profit,1
CUST100611,24,Female,Widowed,1,Bachelor,Employed,75304.7240674555,Other,27,4,17725.701629285693,32526.283989664003,95,0.5083748290239605,0.2061738291579182,2,196.40158911983,600.7133998914454,0,1,0.0,0.0,0,5,7,2,18,2,8,0.2067369414206246,1181.1058094713917,high_profit,1
CUST100612,19,Male,Widowed,1,High School,Unemployed,77339.35570918671,Owner,28,2,10773.635251066617,27426.81107295888,85,0.8136377477291598,0.5813869491783501,5,371.63719711330566,651.5881505415182,3,2,145526.92372072054,0.5922514210020914,0,12,1,1,36,5,4,0.6217637484411359,396.897230687389,low_profit,1
CUST100613,51,Female,Divorced,1,Bachelor,Retired,77775.90921953284,Other,0,4,9096.361186839937,37139.45518533852,53,0.377131762192299,0.3162556844112397,3,197.1450375323136,696.210691828317,9,0,288837.1992870439,0.8368513290392345,0,12,1,3,32,2,2,0.637597055095288,137.61502193810367,low_profit,1
CUST100614,32,Male,Widowed,0,College,Unemployed,63353.974746101645,Owner,30,3,15071.572005966693,40359.89552782904,88,0.7150233755306848,0.3052409505548071,6,224.37619886634175,669.6435674734084,9,2,41908.26623373118,0.0,0,3,12,1,22,5,8,0.2007881710463391,925.8876960681362,medium_profit,1
CUST100615,84,Male,Widowed,3,High School,Employed,45345.71759668921,Owner,1,4,20926.69998282884,30386.881416235086,24,0.0836080295036837,0.0622073160930076,1,150.4816838245084,695.0119845871882,7,5,0.0,0.0,0,19,1,1,196,2,6,0.0437578973829846,-212.83606447122455,loss,0
CUST100616,19,Male,Divorced,2,College,Unemployed,68728.42093018455,Renter,6,1,14578.396311082675,14182.364166108691,51,0.3800343435488456,0.3068016192456294,4,165.2709034035996,563.4978204573365,10,1,120149.47819247143,0.7037742360880244,0,14,0,3,17,2,10,0.5285566023573766,200.4499535822635,low_profit,1
CUST100617,38,Male,Divorced,0,High School,Employed,60048.57094070823,Renter,16,5,9147.72890788791,62086.78216617192,3,0.6185862252152149,0.2429811485915972,2,128.81283918567328,713.8645183710084,0,1,0.0,0.0,0,7,0,3,0,5,1,0.8137060656214301,-123.68923684624188,loss,0
CUST100618,33,Male,Single,4,PhD,Employed,62934.39879279922,Owner,20,4,16039.335467019073,24874.38351496855,74,0.6447901531014945,0.2528166941375752,4,204.77782692444475,659.3114755495625,3,5,0.0,0.0,0,8,11,3,122,2,8,0.5364546766835772,-230.73411214239897,loss,0
CUST100619,64,Male,Married,2,College,Retired,15082.270644640666,Renter,28,2,17809.395766667276,16691.554037410788,48,0.7400055752764427,0.4443806970876283,6,227.12378357725171,573.0001402606124,7,3,116884.0130546218,0.7343889215628995,0,17,7,3,32,3,4,0.9418810934259918,-170.70616275657852,loss,0
CUST100620,71,Female,Widowed,5,Master,Retired,30167.144346006236,Renter,14,3,7495.48189598077,6338.87630531222,44,0.3260109846694277,0.2494473489807629,6,263.9742346449306,802.9413100955326,3,1,129670.1927070742,0.6030365885080866,0,18,6,2,118,5,7,0.3748166385591033,41.68138244643234,low_profit,1
CUST100621,57,Male,Widowed,1,Master,Employed,79367.6313652258,Other,20,4,5193.812376980252,0.0,39,0.9046760636038176,0.4565259652633036,9,301.97255565237504,697.5767166130308,5,4,170245.12479830722,0.380945896231439,0,12,13,1,113,1,4,0.3859706712319918,-778.10966369799,loss,0
CUST100622,40,Female,Married,5,Master,Self-Employed,68372.51575035555,Owner,13,3,7915.636766819727,0.0,60,0.2456984808149195,0.1043000908266787,2,162.589402957767,850.0,9,4,19438.938584619664,0.7461917952752433,0,20,1,0,16,1,1,0.0086686828745289,-325.191652866424,loss,0
CUST100623,24,Female,Single,2,Bachelor,Self-Employed,0.0,Other,4,2,3297.417532040945,24687.908794277897,40,0.8406785135419896,0.2200243522663257,5,219.26159085446585,688.5359164493608,7,3,76426.82716456366,0.5699766097492387,0,5,9,2,25,5,3,0.9008170580905774,-1037.9998211394768,loss,0
CUST100624,37,Male,Widowed,0,PhD,Retired,74585.54374685817,Owner,17,5,0.0,0.0,81,0.4695676766325727,0.4478360989403135,4,308.3288708612155,750.7020272135356,1,5,44260.4634925964,0.3209102990489855,0,14,3,0,34,4,8,0.3793697541719678,-278.35265061272537,loss,0
CUST100625,39,Male,Divorced,3,PhD,Self-Employed,52117.59756940488,Renter,28,1,0.0,15219.42683953534,63,0.9466040780526528,0.4304660676353359,9,323.8999236916557,842.7305364289216,1,2,8056.524734144936,0.7512976708632196,0,4,9,3,38,1,4,0.9615751105116512,-552.5820481122585,loss,0
CUST100626,59,Female,Single,2,PhD,Retired,79783.53723340835,Owner,19,5,0.0,36146.9123341594,54,0.9917018053610634,0.2504495163520581,5,205.9672706970598,832.0414009783834,4,4,0.0,0.0,0,0,15,2,42,1,4,0.7005148850875803,-263.9853751009557,loss,0
CUST100627,51,Female,Widowed,2,High School,Unemployed,51614.776101104,Other,24,4,3416.945219903362,26322.922136815807,85,0.0802441860207829,0.1308653791011774,8,376.9179097272584,698.5901034093329,9,0,43735.17778781785,0.6482480496813459,0,0,9,3,51,4,7,0.3883971351085837,879.5740518107102,medium_profit,1
CUST100628,52,Female,Divorced,2,PhD,Retired,83939.83648836709,Renter,22,3,14235.086160473687,8987.533563443976,17,0.9429062556195192,0.4737545001181542,4,219.8613898757425,581.3663572890146,4,0,108785.5888137735,0.7239477569405737,0,2,10,0,5,2,2,0.2429610272825854,684.75905759979,medium_profit,1
CUST100629,40,Female,Single,1,PhD,Self-Employed,62789.37739588229,Owner,27,1,315.0388663968424,14824.6948412925,2,0.7231071145344318,0.570170466139801,5,292.0001134985844,634.6320859362581,2,4,0.0,0.0,0,14,10,0,156,1,1,0.7041476304733376,-390.8445590132468,loss,0
CUST100630,43,Male,Married,0,High School,Employed,80567.69238895249,Renter,25,2,3583.514139898731,53327.41091338504,27,0.049998631454849,0.4061951323928181,1,153.95935750805396,482.178868026857,3,3,0.0,0.0,0,15,5,3,73,5,1,0.4425163282821166,-477.4292513164172,loss,0
CUST100631,82,Male,Single,1,College,Unemployed,74380.82860288267,Owner,28,5,0.0,80980.19417435444,74,0.9727237164180396,0.406205218978842,1,47.18463290673768,714.8876803917691,2,2,168156.77164191462,1.0,0,7,5,3,162,5,5,0.601553964706376,194.9378080741131,low_profit,1
CUST100632,82,Female,Married,3,Bachelor,Unemployed,88464.3928941486,Other,7,5,6306.900244643824,27169.484932661035,1,0.6548421672773068,0.2048409111990197,10,426.026235970838,617.3888008285458,1,0,0.0,0.0,0,11,1,3,20,4,1,0.9771676640530578,-123.06639113726236,loss,0
CUST100633,29,Female,Divorced,5,PhD,Employed,57723.8564794493,Other,8,3,0.0,33818.33048287421,58,0.3581125269993591,0.2927338783915316,7,260.9804726217772,714.6935298386687,7,2,0.0,0.0,0,6,7,1,10,3,7,0.4649448162315387,626.6039950215578,medium_profit,1
CUST100634,77,Female,Widowed,3,Master,Retired,100803.4770054094,Owner,4,4,0.0,34657.361748537965,54,0.949634105149506,0.1783987714125352,2,142.05677631711137,598.5520273292586,10,1,0.0,0.0,0,0,13,1,38,5,3,0.2169937871012554,250.8066979237439,low_profit,1
CUST100635,20,Female,Widowed,1,Bachelor,Unemployed,39558.59294791278,Owner,0,4,14678.26024025204,49875.644290608776,51,0.1583163388335863,0.5747828770422899,8,260.20277943854103,614.7613233925897,9,5,97536.56106920102,0.7264908433284601,0,13,5,3,170,1,6,0.9614394166023396,-1087.228766130468,loss,0
CUST100636,26,Female,Widowed,4,Bachelor,Self-Employed,36846.84127821375,Owner,16,4,21095.20665775973,34549.91751464107,28,0.4163454137035226,0.4271935501423476,0,126.30172097474691,617.7923988172073,5,5,0.0,0.0,0,19,13,0,153,2,9,0.2818971227191182,-194.78582084982605,loss,0
CUST100637,65,Male,Divorced,4,Master,Employed,56279.35837830009,Owner,14,3,0.0,29803.10382699234,54,0.2461098522652386,0.0,5,341.44331355427704,587.9952577530128,5,5,117091.12482768753,0.7207581040555788,0,15,8,2,147,3,4,0.9018558124239208,-1011.5805873567564,loss,0
CUST100638,59,Male,Married,1,Master,Retired,29467.070727691407,Owner,10,5,0.0,22534.63508117372,13,0.384143343196752,0.4289036983290583,2,78.73367363423266,792.8245691344324,7,3,346.8264518030919,0.3693015148030432,0,8,2,3,99,2,5,0.7119076188138377,-544.1843374717282,loss,0
CUST100639,64,Male,Widowed,1,College,Employed,35293.95088122452,Renter,11,5,0.0,56505.52180874076,62,0.5618778999605789,0.4654230857131536,4,235.20624793960403,715.7974312251451,5,4,0.0,0.0,0,6,6,0,75,1,4,0.5235021918926276,-228.9715836313535,loss,0
CUST100640,82,Female,Married,3,Master,Employed,91879.7187236258,Renter,8,2,1243.6633423446442,57022.2817997343,19,0.2961033733582772,0.5585490579036414,0,152.47472587439898,850.0,1,2,80524.31265313529,0.7174783399612025,0,4,14,3,142,2,10,0.4441392776255426,89.99553029836437,low_profit,1
CUST100641,58,Male,Divorced,3,Bachelor,Self-Employed,73421.81811206928,Other,19,4,0.0,21029.14326944277,37,0.1629010929650093,0.3477109907547478,2,59.84731811214313,570.9438578053781,0,2,35674.108463580735,0.8193094236460507,0,11,4,2,184,4,9,0.0254652621514375,-182.7142650845626,loss,0
CUST100642,73,Female,Widowed,1,Bachelor,Employed,106034.46305383544,Other,9,3,16223.742187031596,20804.707683390472,73,0.7564913747350098,0.4086781655743619,0,11.171836737955608,700.3147726906327,2,3,172999.03684386832,0.7965366285539882,0,2,4,1,26,5,3,0.9401227885026768,-558.3943953555171,loss,0
CUST100643,48,Male,Divorced,2,Bachelor,Employed,77617.8724039253,Renter,10,1,2943.721463567524,31656.651410362,64,0.4005598764502359,0.1543656198060368,0,128.3637416209708,850.0,6,5,154006.18199025758,0.4520457672054065,0,2,6,3,40,1,5,0.2273961546962363,-1005.7641554339182,loss,0
CUST100644,25,Male,Single,5,College,Retired,48429.82107066456,Owner,1,2,9345.026460913055,34804.11687892446,98,0.2326656501737685,0.5506265649536487,2,96.62304310147788,778.9919722180853,5,2,146956.9025752907,0.6653710801220875,0,20,12,0,130,3,8,0.0235131358328615,-327.6629205682252,loss,0
CUST100645,71,Male,Single,1,PhD,Employed,54129.04406559296,Owner,7,5,15600.897399086654,28969.54142950708,63,0.0071523737116271,0.4006180737247493,1,104.43947822336996,668.1251684753867,2,3,0.0,0.0,0,17,0,2,68,5,6,0.5108796238036437,-199.522154440348,loss,0
CUST100646,38,Male,Divorced,2,College,Unemployed,69271.42329097961,Renter,12,1,0.0,25285.77510286663,84,0.2853817302856577,0.1121073516028034,0,193.54695476801487,811.9244917564096,10,4,20554.4242411966,0.8905511090252366,0,6,5,0,10,4,2,0.7428134078762199,-292.8387557709336,loss,0
CUST100647,44,Male,Divorced,5,College,Unemployed,57568.621058347686,Renter,14,1,0.0,0.0,83,0.6261176335052404,0.0055925853946416,9,473.8310149316546,562.616517510134,3,4,187846.96274615047,0.6231649174453892,1,0,6,1,85,2,8,0.9467950740452268,-1199.0769962142138,loss,0
CUST100648,67,Female,Widowed,3,PhD,Self-Employed,0.0,Renter,15,5,0.0,47741.59552892574,77,0.2853424757346746,0.3573548224765172,10,385.4395919242303,685.2794721314402,9,0,106484.23586001224,0.927159561227163,0,0,1,0,70,1,5,0.4450606136129864,858.7007924103269,medium_profit,1
CUST100649,38,Male,Single,2,College,Self-Employed,62081.09407974208,Renter,23,3,6925.969187313051,77842.19270547986,10,0.2799786807409452,0.0,10,406.32819039185,768.3223014788808,1,2,38519.775124093634,0.7133543452368359,0,14,6,0,162,1,8,0.1745812893982532,618.1635127197817,medium_profit,1
CUST100650,32,Male,Married,3,PhD,Unemployed,58531.04907424649,Renter,0,5,12114.105794654952,92258.20402087682,62,0.0632838437813074,0.4616072378804143,2,133.81729853829,615.1934401969492,6,0,7624.031797729673,0.5093171783232292,1,13,14,3,44,1,10,0.8974081132116445,-1368.2022276261896,loss,0
CUST100651,26,Female,Divorced,5,Master,Self-Employed,50097.29424895688,Renter,0,3,12328.29081821745,4515.357618464099,25,0.2348185009485125,0.5096965302101185,7,430.8922658873561,748.7774821084338,0,4,0.0,0.0,0,13,15,1,183,1,5,0.3640347949297428,-362.7679484317789,loss,0
CUST100652,65,Female,Widowed,4,College,Unemployed,107949.654229231,Other,28,3,12335.478135058658,30175.67309796296,93,0.5510240610001014,0.2524633366078031,2,184.27706170127877,707.6609070451659,6,1,0.0,0.0,0,11,14,2,196,3,3,0.8142274817277337,-104.12736337598704,loss,0
CUST100653,81,Female,Divorced,3,High School,Unemployed,121265.33731604191,Owner,10,3,6553.249991994015,37962.94530245074,83,0.466555174073344,0.2884184500246182,8,301.79922724049686,626.4883199275412,0,2,31407.551905122928,0.2801210475611377,0,20,4,2,138,2,10,0.139521300623059,709.7862136955505,medium_profit,1
CUST100654,44,Female,Single,3,High School,Employed,22964.64004732812,Other,3,5,0.0,21194.81591227199,1,0.2547171632536147,0.5576151449704755,8,286.1113350341129,701.4508999262654,3,5,0.0,0.0,0,10,15,0,83,3,9,0.9369280665737428,-568.5203860539625,loss,0
CUST100655,84,Female,Married,4,Bachelor,Retired,81930.01880356444,Other,24,1,10384.349572164523,44314.68482341681,29,0.6404693472676147,0.7788723801164902,7,324.68765003570405,850.0,3,5,0.0,0.0,1,16,3,3,36,1,5,0.2418333497330588,-1006.83501602174,loss,0
CUST100656,69,Female,Married,4,High School,Self-Employed,71495.04569276702,Owner,0,1,9990.958161377494,0.0,38,0.1210755348733618,0.2659228469223608,2,202.6494353248819,618.7176409663435,1,2,132805.8814893309,0.814216100080561,0,3,13,2,169,4,1,0.6978185146865312,-894.842883301329,loss,0
CUST100657,56,Female,Widowed,2,College,Unemployed,59338.95407987189,Renter,19,5,16218.61504794252,26266.4207537311,62,0.6352196009069917,0.4458127290004728,9,327.0354334005956,735.1165467627084,0,3,84166.02319526263,0.5457370043863405,0,0,8,3,98,5,2,0.4227016693993742,21.07969291248895,low_profit,1
CUST100658,62,Female,Single,3,High School,Retired,26354.09557724918,Owner,15,3,12093.525144553172,30389.165110377664,70,0.0920488393527617,0.272297551078555,3,239.8500569997628,657.6109957677647,1,3,19481.115451924823,0.8093823588976279,0,10,7,3,8,3,5,0.5526257662263793,-270.28704401871954,loss,0
CUST100659,75,Male,Widowed,0,High School,Self-Employed,19768.058600952936,Other,27,1,12436.517755401732,25902.466722705656,65,0.4444299717925459,0.3062791731065553,8,269.4468916690395,850.0,9,3,47943.944264949285,0.657836734623745,0,17,1,2,149,1,9,0.4910990012729068,-88.38889351809127,loss,0
CUST100660,75,Female,Married,0,Bachelor,Unemployed,53409.9164294712,Renter,3,2,11095.260452086011,0.0,10,0.1991230806868239,0.3401690186231419,7,269.89372190495203,710.0791072644806,10,1,54128.74555874394,0.8074317797316486,0,1,9,1,57,3,10,0.8455384186904955,309.3273410006,low_profit,1
CUST100661,47,Female,Single,0,College,Self-Employed,104342.15695069332,Owner,23,5,0.0,32718.49134436696,73,0.0236782017208433,0.3168933572779894,7,340.45153492389846,593.074550624492,0,5,145629.5002091346,1.0,0,11,3,3,121,1,5,0.4362911250984784,-346.75308557141364,loss,0
CUST100662,72,Male,Single,0,Bachelor,Unemployed,75150.63264821301,Renter,12,5,5845.184758153273,15728.306601856484,32,0.9066162402023952,0.0,2,84.81928197858996,629.4226516904635,9,1,0.0,0.0,0,14,11,2,122,1,3,0.5821205110345465,276.6337698844187,low_profit,1
CUST100663,32,Male,Married,1,College,Unemployed,56546.70918230282,Owner,23,4,1540.806709528293,47783.07649575612,2,0.3718585599958448,0.0756497794288224,8,285.5974840066273,623.3135961995448,10,2,56807.2269248621,0.8057537982846961,0,0,9,1,81,2,8,0.8012252912935692,442.684690766469,low_profit,1
CUST100664,42,Female,Widowed,3,College,Employed,67449.75427547647,Owner,12,5,5781.177352360163,38004.7171105355,82,0.6270297955081077,0.3403305810258509,1,51.85224047481975,597.0027725223065,8,1,54607.92216331513,0.3852622682164495,0,2,15,0,144,2,4,0.6269409414635132,262.6715796459075,low_profit,1
CUST100665,70,Female,Married,2,Master,Employed,45580.56175535276,Renter,1,3,30393.81622782861,29202.11232496576,100,0.3946288379107805,0.0191520867476822,3,281.3056757042654,686.5819789323075,6,3,101935.8745637888,0.9346727892305048,0,7,4,3,157,5,7,0.6460409601917206,-86.14839806741362,loss,0
CUST100666,38,Male,Divorced,3,High School,Retired,12527.160779290803,Other,0,4,13168.370114309811,2388.025882006976,9,0.561686672902425,0.2127689116985029,2,73.44807108292153,674.2379514489006,4,3,43036.654669989184,0.7378328914148671,0,20,10,2,137,5,6,0.9193267919729788,-977.0476182953583,loss,0
CUST100667,78,Female,Widowed,5,PhD,Self-Employed,51788.12243499718,Renter,10,1,4857.296470506115,32991.95915037576,89,0.4896755365671712,0.3195654349415845,5,274.91028757485043,743.6005775222579,1,2,134383.9509641737,0.6785268231301935,0,8,9,1,80,3,4,0.5660149245803547,-33.44601816836385,loss,0
CUST100668,62,Female,Married,2,PhD,Retired,12533.304997605672,Renter,8,5,5502.276991656804,39590.15096003217,55,0.6696846236222321,0.44578823891409,3,276.1595007462076,630.7649225766206,2,5,0.0,0.0,0,11,10,1,118,5,9,0.1734156095773783,-402.7895942684595,loss,0
CUST100669,55,Male,Married,4,Bachelor,Self-Employed,76092.4169967403,Other,25,4,15338.810549242084,21850.79785416797,48,0.2456338136764633,0.4815924627254098,7,411.689684633834,712.3479809164594,7,4,37571.42228375637,0.5577231540364062,0,8,2,2,31,4,9,0.9838675662359668,346.94680241786426,low_profit,1
CUST100670,18,Male,Married,2,Master,Retired,69767.3345036121,Other,18,3,27758.25427647637,12955.507140053516,66,0.5674536408520727,0.4036203404059951,3,279.286563747162,647.0798990188487,10,3,0.0,0.0,0,15,13,3,80,1,3,0.181104728005205,241.49319237070455,low_profit,1
CUST100671,64,Male,Single,0,Bachelor,Employed,64120.57438221108,Other,17,3,34181.735550600926,26317.08368633596,17,0.7838706381312803,0.0739642541030632,10,300.3138646390407,727.3010717494386,10,4,0.0,0.0,0,3,10,2,72,4,4,0.2304883317681968,429.4336276283186,low_profit,1
CUST100672,52,Female,Married,1,High School,Unemployed,60480.758468854816,Owner,5,4,12946.003829452116,49472.44498855693,27,0.5417112754009413,0.1992860762184565,0,18.235550181925685,684.9385985370067,9,2,0.0,0.0,0,3,3,1,104,2,4,0.4595066130877078,-172.72943226556984,loss,0
CUST100673,39,Male,Married,2,High School,Employed,69296.84338141904,Owner,21,3,0.0,21707.46198856274,56,0.5796375711328927,0.1009652080201524,9,390.6961001268093,754.9683186290259,3,0,230143.0099266488,0.3396824034393337,0,13,14,3,38,4,10,0.7506941808772283,4.042156490100467,low_profit,1
CUST100674,20,Female,Married,5,Master,Retired,56253.39343949798,Other,10,3,5156.977959577584,34373.18613514595,3,0.4990321510103295,0.210735896953131,9,348.34895533882445,679.9360701174568,3,2,86751.04105406022,0.8080861785289678,0,2,12,1,103,2,4,0.3142117809747567,-165.3737365811608,loss,0
CUST100675,69,Female,Married,5,Bachelor,Self-Employed,48931.81682905613,Renter,19,4,7138.087939410634,11640.47790778528,4,0.6864921743815059,0.64623392635346,9,386.4827430325146,636.4590119771264,7,5,45870.73129927172,0.7112044193684581,0,12,11,2,97,1,8,0.4362918490482753,-373.226563634733,loss,0
CUST100676,75,Female,Single,3,Bachelor,Unemployed,4602.80856586749,Owner,8,3,713.4547308346673,50588.81111854081,34,0.478530750856535,0.2326209746429722,2,171.48165200706367,615.3565698541022,8,4,142567.22095027217,0.5338450207953894,0,6,1,3,93,1,4,0.0899725013010541,-636.664858190946,loss,0
CUST100677,38,Male,Single,2,High School,Unemployed,64483.68268989929,Renter,4,3,12707.502096187873,77634.27063465092,19,0.8585002529315185,0.4654472215314846,4,172.04436274212784,815.9839966388345,6,2,0.0,0.0,0,2,7,0,158,1,10,0.654621912413096,68.19350995534131,low_profit,1
CUST100678,40,Female,Widowed,3,College,Self-Employed,61869.94048857369,Owner,25,2,6071.699152595962,8429.745172708055,78,0.7125290637988408,0.2649410940191974,1,86.53718906993458,739.9317601719131,2,4,86039.33950180802,0.7008575706768545,0,14,11,1,39,5,3,0.2456465422131744,-229.78921246867128,loss,0
CUST100679,19,Female,Married,2,PhD,Employed,44789.740221898326,Other,16,1,0.0,6020.97204012248,51,0.1349491042420362,0.656955007837019,0,169.30742283506837,701.3450364619293,3,4,27514.694420514807,0.4142415837095082,0,18,8,3,62,4,3,0.7102091842135502,-443.8758485842526,loss,0
CUST100680,49,Male,Single,0,Master,Self-Employed,27800.15903331313,Owner,9,4,711.5207439392661,38316.73672572121,68,0.7988380528238156,0.4200425931488555,10,435.48900371637546,795.7932055215684,6,4,230760.85077692632,0.7012315310921424,0,20,11,3,192,3,9,0.9368701086020342,-1012.1216366658766,loss,0
CUST100681,39,Female,Married,0,College,Employed,52291.64624634656,Other,11,3,8078.323725138849,71364.52083011647,15,0.6043957539213091,0.0204389043151405,6,232.85792929888768,820.2576505225228,0,2,67991.43695464169,0.7675661070458961,0,0,6,3,198,2,8,0.8651971786501251,-86.28148260423777,loss,0
CUST100682,35,Female,Widowed,1,College,Employed,34727.02109621021,Owner,28,4,12508.72779401332,43088.620542112425,33,0.4867758333626328,0.4944113931479443,7,299.21574383259576,698.6695364621364,3,3,0.0,0.0,0,1,7,1,163,1,5,0.3740356419467876,275.34210083091034,low_profit,1
CUST100683,62,Female,Widowed,5,Master,Employed,84581.1980441822,Other,9,3,9238.89482443986,10684.347342720816,66,0.5516067257308073,0.1922852653406751,0,173.7258074390509,653.324118804856,7,0,0.0,0.0,0,6,9,1,2,1,3,0.7443377130560951,147.379566122956,low_profit,1
CUST100684,52,Male,Single,4,College,Unemployed,25985.089295809372,Owner,14,4,875.2098811206333,15226.050033408745,43,0.7985111744174811,0.0,7,264.59373571358265,850.0,5,0,175254.07310292305,0.4441961156960028,0,18,3,3,194,4,7,0.7636396476177248,135.74747815366413,low_profit,1
CUST100685,22,Male,Married,3,Bachelor,Retired,72523.95269463885,Other,23,3,16910.858547734766,13627.899466798428,19,0.1422112417378184,0.5184213567964853,3,154.57359517856088,645.2094695793065,6,1,0.0,0.0,1,9,0,1,49,4,10,0.1936642558693069,173.3099027561411,low_profit,1
CUST100686,37,Female,Divorced,1,High School,Employed,98722.75272367283,Owner,27,1,30879.089735306847,6005.494698195729,34,0.7272379359801454,0.4397839370161577,1,210.21774851473063,659.0198756206466,2,5,128335.87105240312,0.3059020897537498,0,2,14,2,157,3,8,0.9556684267261903,-248.8658725582675,loss,0
CUST100687,51,Female,Divorced,4,College,Unemployed,36723.755305005485,Other,24,2,5789.640456680845,17178.374669232893,29,0.8149318547712653,0.4318108687826839,6,244.6344828927466,802.6894618257915,8,2,109957.75412453555,0.9237575279321736,0,12,1,2,65,1,3,0.5550140829654425,152.80933173971638,low_profit,1
CUST100688,46,Male,Widowed,1,High School,Unemployed,23493.098689794984,Renter,23,4,18633.7651353834,17896.87528788005,54,0.5665728698016191,0.482083699937114,4,135.7342631691053,850.0,7,5,95668.80107303993,0.30076823736707,0,10,1,3,103,4,3,0.4142228996245125,-488.8512185476465,loss,0
CUST100689,21,Female,Divorced,0,Bachelor,Self-Employed,99682.33400655408,Renter,28,4,3308.773143571836,31591.47069884332,51,0.5884232238980276,0.4517648832327218,6,222.82860359743623,769.6322862080324,3,4,77879.98123854607,0.5582663257559068,0,10,5,2,151,4,2,0.1006598329700146,-34.17720515605171,loss,0
CUST100690,28,Male,Married,4,Master,Retired,85736.96475874029,Owner,29,2,10535.695310677933,24853.99998764421,7,0.0020872613132606,0.5164224625986281,2,108.93829851902927,687.0965884870217,5,5,0.0,0.0,0,11,2,0,42,3,6,0.0999713095943796,-31.39062508653069,loss,0
CUST100691,28,Male,Single,1,College,Retired,30637.77491070702,Renter,3,3,2275.899833963128,54674.48556672386,76,0.2914284364539018,0.1389809637938982,8,328.2820576685157,718.8475761018103,2,0,0.0,0.0,0,8,5,0,127,5,4,0.68903202774895,227.86000712972267,low_profit,1
CUST100692,22,Female,Divorced,5,College,Retired,14698.763640442434,Renter,11,5,2794.617708434626,26125.89240390076,40,0.2936532695106373,0.408057588807139,6,361.1775952238065,722.328091325537,4,5,0.0,0.0,0,7,14,1,180,2,1,0.0794531260337537,-166.11820117522706,loss,0
CUST100693,33,Male,Single,3,College,Self-Employed,66309.09120665985,Other,2,3,6983.935171774867,29816.35293229722,99,0.3327282122353151,0.196448510555556,5,297.6916112622772,721.7802339748727,6,3,97558.84359285823,0.250620861730889,0,20,9,1,121,1,6,0.1565309568553736,-327.3382399924716,loss,0
CUST100694,42,Female,Single,0,High School,Unemployed,52351.59088789232,Renter,5,4,7561.706056942781,53866.22011854252,60,0.6583294493448177,0.1456518370806435,6,369.5383671467336,650.2038153182158,7,1,0.0,0.0,0,13,10,1,1,2,5,0.4158010340721632,129.91804411649156,low_profit,1
CUST100695,80,Female,Married,0,College,Self-Employed,49584.405146632125,Other,19,4,12708.022199879711,8923.290092713087,36,0.907306896166916,0.3855628790305806,2,212.5293922619075,529.8097769981664,10,2,0.0,0.0,0,19,11,2,0,1,8,0.7715680288100543,-20.407633042490573,loss,0
CUST100696,82,Male,Married,1,Bachelor,Unemployed,110245.79018742195,Other,12,5,2251.97695247312,0.0,76,0.6124637866510318,0.0,9,396.6418585859818,703.4029586346682,0,3,111377.08557899088,0.6750911715254505,0,18,9,3,11,3,6,0.0179149017284534,41.48375811883755,low_profit,1
CUST100697,26,Female,Widowed,3,PhD,Self-Employed,94867.78792517,Renter,26,5,0.0,47898.21112053651,29,0.4492713381700255,0.0,4,306.09347249436587,609.5052167061933,3,5,0.0,0.0,0,8,12,2,1,5,4,0.0405441464617917,-144.2798729453184,loss,0
CUST100698,75,Male,Widowed,0,Master,Employed,58612.16348200973,Owner,25,3,6141.014922265199,31237.667057742703,69,0.8144246779344521,0.1144893338376543,8,278.46203307577053,680.9759155586785,10,2,0.0,0.0,0,1,15,1,136,5,5,0.7796747991135095,537.7028904727795,medium_profit,1
CUST100699,48,Female,Divorced,1,PhD,Self-Employed,50891.21781305997,Owner,21,4,111.1388095630873,61778.80656888166,11,0.3287748295578582,0.0515506932901541,3,107.53553602313936,587.4412885968031,2,5,0.0,0.0,0,5,9,2,106,2,7,0.2040933275905384,-404.9714101077047,loss,0
CUST100700,38,Female,Single,2,Bachelor,Employed,72948.94888912792,Owner,4,1,12396.754681178336,81439.90634989938,1,0.9535855296220735,0.0,1,191.67195297325375,760.8735589124417,4,1,0.0,0.0,0,14,10,0,128,5,8,0.5107795977748745,94.8831668207565,low_profit,1
CUST100701,79,Female,Single,2,High School,Unemployed,41406.83615238367,Owner,12,2,0.0,63690.49669206904,70,0.9449407178929145,0.4684594654027805,0,124.06839401181836,702.3195978557375,1,0,185101.57524870004,0.2974942069402248,0,10,5,1,122,3,1,0.3401807759218381,-100.75618406290232,loss,0
CUST100702,67,Female,Single,4,Master,Self-Employed,0.0,Owner,6,5,0.0,33233.97053409506,82,0.4834231270362688,0.3205717155864668,9,305.676204100172,714.934191105988,3,5,0.0,0.0,0,15,14,3,82,3,4,0.8999705317762838,-1103.6781132651654,loss,0
CUST100703,22,Female,Married,0,PhD,Unemployed,67188.82554716994,Owner,21,3,12330.542814659984,0.0,84,0.3387256146634644,0.362298171759558,0,172.4013693086524,581.2234760082473,1,1,10267.674744863813,0.7068729797272767,0,19,3,1,121,4,9,0.9961356785267932,331.35193313680816,low_profit,1
CUST100704,61,Male,Single,5,Bachelor,Self-Employed,34453.80060662044,Renter,17,4,5062.731561844183,0.0,38,0.0389387895066806,0.5300534791796592,1,85.5901533540727,679.4715980503748,2,5,161854.99442553258,0.4946936625807914,0,12,4,2,87,4,2,0.975129556141513,-1095.981390554496,loss,0
CUST100705,64,Male,Widowed,2,Bachelor,Retired,37074.39640086461,Owner,0,3,13761.739316930752,15811.376853430484,42,0.1847761475428961,0.4289190864830353,1,219.97711216185328,661.754760233071,9,4,0.0,0.0,0,11,3,0,67,3,6,0.8884083861390275,-595.980711725474,loss,0
CUST100706,41,Male,Single,1,High School,Unemployed,24626.753569114557,Renter,26,5,5339.027236823376,6191.845286510197,97,0.5413063311053306,0.4851950201429233,1,142.90307115145026,690.8924139646973,9,5,32240.400524126104,0.7311784275575165,0,17,9,0,103,1,5,0.9188383138028104,-322.3274006292004,loss,0
CUST100707,71,Male,Divorced,2,High School,Self-Employed,59397.03744691045,Owner,3,5,0.0,0.0,1,0.1068286962166604,0.1627900485929639,7,339.8768549045269,638.2787753352038,6,4,60705.74529922968,0.5309706237723946,0,5,7,0,85,2,3,0.6484857568007941,-267.38239163867416,loss,0
CUST100708,31,Male,Widowed,1,College,Self-Employed,41610.50186187931,Other,30,5,4429.588331470583,53679.74886393778,31,0.9896468476050384,0.3683650427909933,0,175.01454841094375,693.9962458311436,9,5,0.0,0.0,0,6,15,1,15,4,4,0.6132579570031336,-398.05844094232737,loss,0
CUST100709,67,Male,Divorced,2,College,Retired,34481.60241144156,Other,13,5,0.0,45113.31677488629,37,0.2693602386789818,0.2556223457415462,9,326.9823595988896,565.0226930618769,6,2,226816.92930597835,0.6639930382290326,0,15,0,0,103,5,4,0.7467856351504937,-233.3175356675496,loss,0
CUST100710,34,Male,Single,5,College,Self-Employed,46744.532182775285,Other,1,2,6108.863828284178,64091.84186594754,32,0.7448801476252392,0.0783775083482261,1,58.43309571587417,797.6040719355947,3,2,189948.64269723432,0.4742691389850859,0,18,0,1,183,1,1,0.4133558355789903,-559.8257370972088,loss,0
CUST100711,61,Male,Widowed,1,College,Employed,28910.72257878689,Renter,10,4,2965.388589196951,29268.20051314137,49,0.6595202276026154,0.431929999616474,10,410.1304060567242,809.0183471020447,10,1,0.0,0.0,0,11,6,1,125,4,5,0.437450819082062,-38.84152196677962,loss,0
CUST100712,50,Male,Widowed,3,College,Employed,59362.65662171273,Owner,23,4,7935.375299686405,34988.35375370083,68,0.2890729025292387,0.2346653504981912,6,214.0669764654187,712.4752099663934,4,2,201544.4808352248,0.6763468337925018,0,0,15,0,150,4,6,0.3031956899482757,565.8656091061048,medium_profit,1
CUST100713,46,Female,Married,5,Bachelor,Retired,44994.065487120126,Renter,8,2,3301.476423222693,62734.7992366128,62,0.2205656576017236,0.2633398580947605,2,97.22710896033216,698.0205655479292,7,3,1768.642906369707,0.819796671488393,0,17,4,0,68,3,9,0.2548111803077746,197.81256370695388,low_profit,1
CUST100714,30,Female,Divorced,5,Master,Employed,73518.39148294165,Owner,18,1,5827.7290378542575,30735.656663484697,31,0.8987756690592567,0.0,4,283.935790369716,774.5150864284817,10,4,63416.64159958436,0.685668410132145,0,18,5,3,135,1,3,0.9586215169695768,-987.5944346917868,loss,0
CUST100715,59,Female,Divorced,0,Master,Self-Employed,48466.29363068725,Owner,3,3,889.7506349682699,50432.45968146078,93,0.764162215775614,0.2242480326793813,4,182.22938976751416,850.0,3,5,93086.24190150372,0.3448634680008536,0,19,11,0,97,4,10,0.1962687439490635,-680.3529345273564,loss,0
CUST100716,49,Female,Single,2,Bachelor,Retired,40449.74633530753,Owner,17,3,0.0,61989.41880227579,64,0.2275776820691166,0.4406285084440008,8,216.56816419822596,753.3207317899313,9,1,66540.36602997042,0.3235964862615124,0,1,6,3,105,5,2,0.1026151603531893,143.98690244585146,low_profit,1
CUST100717,74,Male,Married,5,College,Self-Employed,85253.42324352037,Renter,3,1,0.0,0.0,33,0.011697828160252,0.2545787984438148,9,460.0855529077884,685.8242445972461,10,4,63556.34164147091,0.7457037287029072,0,6,2,2,60,5,2,0.0935101569102391,-258.894939857569,loss,0
CUST100718,50,Male,Single,3,Bachelor,Self-Employed,67763.09415731765,Other,24,1,16955.313880867092,0.0,63,0.8170654177088809,0.400916362895478,3,276.365323279076,762.6538363336942,1,0,0.0,0.0,0,7,8,0,109,3,6,0.753327387961416,615.9968793365497,medium_profit,1
CUST100719,39,Male,Single,5,PhD,Employed,37621.73620573196,Other,8,2,0.0,45068.38927004862,23,0.8223140251409572,0.177092243261781,3,243.61229544307616,614.3651481718796,3,1,0.0,0.0,0,9,14,0,169,4,4,0.6186462129243838,185.63739201745864,low_profit,1
CUST100720,22,Male,Married,2,Bachelor,Retired,60391.30123130856,Owner,22,1,3207.4897464308824,27799.89002597897,21,0.4737300528443317,0.5584120668653045,0,7.025901277407498,625.0828273396758,2,5,181550.8290940104,0.6420992597843007,0,13,3,0,195,2,4,0.0732130270729936,-452.1233924942326,loss,0
CUST100721,71,Male,Widowed,1,College,Unemployed,135027.01493802844,Other,16,5,0.0,22926.28480865988,87,0.5308658029881631,0.0535137521671999,9,489.3353284425608,795.2461970536169,5,3,218918.8933651679,0.9339845562809278,0,19,6,3,108,2,10,0.8366900294625501,130.80707927851503,low_profit,1
CUST100722,74,Female,Divorced,2,PhD,Self-Employed,54071.38596612103,Other,25,1,1347.590225101535,0.0,26,0.4058161623443231,0.7071747070363585,6,289.3271617410807,746.8978078148468,1,4,804.3095130516958,0.8656113777973935,0,4,1,1,188,5,2,0.5600648483583456,-394.2349753219405,loss,0
CUST100723,68,Male,Single,4,College,Self-Employed,72198.66102668022,Owner,7,1,3273.708657091653,42773.54279760602,66,0.8583031565465137,0.2872852921627757,8,319.0526279340268,554.9072108888776,8,0,57557.63726700378,0.8097728283750725,0,17,2,2,66,3,9,0.1361799525328733,427.7922046653063,low_profit,1
CUST100724,40,Male,Widowed,3,College,Self-Employed,83253.45364767258,Owner,22,1,0.0,29474.78413460296,67,0.1478222208085658,0.1750979089822845,7,324.1844336414297,774.698084010471,8,0,53149.15622619958,0.7380147352673225,0,10,14,1,174,3,6,0.0299601184808173,954.9999132802668,medium_profit,1
CUST100725,19,Male,Single,5,High School,Employed,80748.55725364166,Renter,5,5,7731.184342936442,10035.754829771891,11,0.0826326063868134,0.2994427778666197,3,250.49805125776516,646.6909597984167,7,4,15593.604329577342,0.5250931698499498,0,1,0,1,90,3,7,0.672178559863251,-316.20409951793874,loss,0
CUST100726,82,Female,Divorced,2,College,Employed,1279.842325980302,Other,26,2,0.0,33867.58903848318,77,0.6681435672669486,0.0303645909145019,8,336.37010252042955,701.5682236471624,1,1,240026.84243109648,0.8046113110504478,0,9,1,2,97,4,1,0.5071436869702481,577.7864031853917,medium_profit,1
CUST100727,77,Male,Single,4,High School,Employed,71733.83630798178,Other,8,2,16675.09822986446,15520.705390644252,49,0.3453521626939468,0.1711319465956031,5,274.2142731044552,426.0859793862528,4,4,168614.5474042299,0.9080647959639772,0,12,3,1,105,2,5,0.511682571678197,-312.0266608988262,loss,0
CUST100728,59,Female,Single,2,Bachelor,Self-Employed,52381.44880808295,Other,12,1,0.0,37653.07102954983,71,0.7142881083441972,0.5249865090606481,10,378.3233035123868,525.7228026118959,3,3,90943.85306422524,0.5446656456561709,0,19,14,2,4,5,9,0.184766427619507,-253.99958309594592,loss,0
CUST100729,26,Male,Divorced,0,High School,Retired,73769.82005022874,Renter,26,5,3117.9756122717886,27928.262931884383,16,0.8902049851104128,0.2572249664890722,8,311.40206162268976,797.0316201788281,4,5,91875.99601274965,0.6441167075474721,0,15,15,1,132,2,7,0.7181813997317316,-600.7496501659679,loss,0
CUST100730,42,Male,Widowed,2,College,Self-Employed,48642.607703605376,Other,2,2,13986.691603391742,30753.931462478457,90,0.4000826449623307,0.4319062939178276,10,313.689338244078,850.0,9,5,153860.60692088166,0.6186316675399485,0,9,13,2,40,1,4,0.879446114747224,-1054.8551133972392,loss,0
CUST100731,34,Female,Widowed,1,High School,Unemployed,0.0,Renter,2,4,3316.1507752714747,23479.750083663017,6,0.8220369174345142,0.3780732388790751,4,264.14457855570697,684.6094773025312,2,2,17961.494056320564,0.2441202138985558,0,11,9,0,47,4,4,0.7211241250913657,-433.08803431455976,loss,0
CUST100732,65,Female,Married,2,College,Employed,74299.53122401673,Other,2,4,22159.076311326942,28049.492325087533,49,0.3077294708132119,0.3655622147148246,4,237.11939637933605,795.2478156952806,8,4,0.0,0.0,0,0,7,0,94,2,9,0.6974061690343158,199.2601779698221,low_profit,1
CUST100733,84,Male,Divorced,2,College,Retired,37785.296810035245,Other,26,1,13648.244384910113,33028.06095903465,87,0.6882573018962815,0.3596903627962879,0,127.81625696647676,621.7401402581411,4,1,120703.23596107848,1.0,0,6,6,2,49,5,5,0.5871215560665265,213.4233243558099,low_profit,1
CUST100734,33,Female,Married,1,High School,Employed,49807.22977057428,Owner,22,5,7316.074741680918,45728.12423991633,59,0.5262114142362029,0.1880907429421062,1,151.73507828713474,416.696970985726,3,1,185918.9494164025,0.7521012239168285,0,20,6,3,55,2,7,0.644028233908267,-187.73982016013903,loss,0
CUST100735,46,Male,Widowed,0,High School,Employed,41772.93624661332,Other,24,5,20681.82429527326,58955.92836915732,64,0.7583983537681473,0.4877280045357889,5,193.6326564238195,682.3887566040137,8,3,58298.741881251,0.5738148389747747,0,16,0,0,47,2,1,0.9972631097636162,371.0584803478573,low_profit,1
CUST100736,21,Male,Divorced,3,High School,Self-Employed,33724.7278051467,Other,16,1,0.0,50205.49173672032,32,0.6883966950870388,0.2911277088976877,5,289.18137126648423,837.8467355453809,4,5,0.0,0.0,0,19,3,3,0,5,4,0.3917614099972311,-933.9302779947496,loss,0
CUST100737,62,Male,Single,0,Bachelor,Employed,32327.6104546814,Owner,27,5,5073.626814235671,429.06126002402016,82,0.7718674136327818,0.2024733158090074,4,162.8029434884935,556.3746135071882,3,3,119392.32331912582,0.7433178679519303,0,10,0,1,193,4,4,0.1706006885688484,5.2501998465950805,low_profit,1
CUST100738,38,Male,Married,0,College,Retired,100016.5723650172,Renter,10,3,29974.15126419854,30920.12773472682,54,0.0767446241693551,0.171777147955071,4,276.43453144030605,850.0,4,1,0.0,0.0,0,13,1,2,161,1,6,0.2376486546723211,866.1310951269531,medium_profit,1
CUST100739,68,Female,Widowed,5,High School,Employed,65388.668178957705,Owner,23,2,18451.476204524144,37194.77950253577,55,0.7803067628036213,0.2002732208423097,0,188.76959114214569,604.8815629612044,0,4,15817.817975386446,0.3986145278109712,0,11,12,3,155,1,1,0.3862841215282068,-255.38921339558064,loss,0
CUST100740,76,Male,Divorced,5,College,Employed,43074.11460418541,Owner,24,2,0.0,55102.91576749808,33,0.8974936257342502,0.2004654953141921,5,213.5612923106927,573.1863195024688,8,1,33174.08655124585,0.6136743131935317,0,3,15,3,108,5,3,0.6211786658380821,-353.24727111996964,loss,0
CUST100741,85,Female,Divorced,5,High School,Employed,69949.43001377289,Owner,9,5,0.0,64220.57618381576,1,0.7938113698945185,0.4047921024153469,7,298.1388847028679,660.0100009890683,3,3,0.0,0.0,0,17,4,3,11,2,4,0.6451355768315687,-555.4730152118684,loss,0
CUST100742,33,Male,Single,5,Bachelor,Retired,78383.72224749869,Other,22,1,4745.058714148004,25656.82385726287,78,0.8222568634710554,0.3116740581635791,8,342.35178169327946,639.6141068763045,1,2,15679.407315696231,0.1828415122189991,0,5,0,3,65,5,3,0.4028550666288935,373.9543910797652,low_profit,1
CUST100743,71,Female,Divorced,4,PhD,Retired,68963.93340965286,Owner,28,5,0.0,67974.69962710477,38,0.1451810489242121,0.3174032960784773,5,281.3193802505133,596.3856428024803,9,1,135673.74214704585,0.6796096433018525,0,18,3,2,5,5,5,0.5694815339057416,479.4585438041392,low_profit,1
CUST100744,42,Male,Married,0,College,Self-Employed,47227.33186045229,Renter,24,2,9504.957237780349,24764.834195578107,100,0.969110045059581,0.4111882903291684,6,375.9605147026236,509.5055545989361,0,3,6612.653702081087,0.944431019561639,0,0,15,1,101,1,8,0.7637916163929078,117.97769204216888,low_profit,1
CUST100745,21,Female,Married,5,College,Unemployed,41884.8510752044,Other,30,2,520.3866155002488,5703.877282227135,67,0.6067310737103025,0.0,5,278.9873481891988,676.9413601476388,5,5,63585.94240816569,0.5894989862922695,0,16,4,0,72,1,6,0.960020537730099,-502.70604968021865,loss,0
CUST100746,33,Male,Widowed,2,High School,Self-Employed,61291.22612551163,Renter,18,3,15228.41471550764,26191.076281415662,70,0.6765541892246325,0.185183484582546,6,208.3545953980273,671.8874515111913,8,3,107934.67597567756,0.8824053757086499,0,11,13,0,55,1,9,0.4819290772731761,162.62082936326803,low_profit,1
CUST100747,72,Male,Married,1,PhD,Unemployed,62968.01361086651,Other,10,1,8383.574419359597,10148.43986542354,33,0.8433078392747111,0.3040834334425836,4,145.73722742333177,553.4326142657904,9,2,0.0,0.0,0,8,1,0,42,4,4,0.0009781793245176,369.2369213375828,low_profit,1
CUST100748,83,Female,Widowed,3,High School,Employed,48483.757760076514,Owner,26,4,7022.804076212191,29642.100459833,65,0.2020586734641845,0.1047199902672404,1,194.5459007793017,695.4745698035664,5,0,0.0,0.0,1,2,12,0,156,3,2,0.2930345805724115,240.1629213776964,low_profit,1
CUST100749,27,Female,Single,3,Master,Self-Employed,19320.889654201084,Other,16,2,3042.147290314186,9154.568239055032,75,0.9494237113245846,0.4140842346721591,10,319.84311992494463,666.8568628718497,5,1,0.0,0.0,0,8,0,3,112,4,10,0.2815009533668903,579.8967877122952,medium_profit,1
CUST100750,38,Male,Widowed,1,Master,Retired,60882.91775032657,Other,4,5,10166.444459359673,10373.481269650703,18,0.3445504830737597,0.0190366112144986,8,413.0659638483467,710.7207962040134,7,5,18115.36445052688,0.7252869344907888,0,15,12,0,41,5,10,0.0667941106044733,-27.10097504887976,loss,0
CUST100751,51,Male,Widowed,4,PhD,Unemployed,66152.2601770389,Owner,6,2,0.0,67768.73879228513,26,0.4538664388068996,0.2671516029935936,1,225.21106666031463,769.7586970339199,5,2,0.0,0.0,0,5,6,2,102,1,8,0.5446854153809458,-99.37740040965124,loss,0
CUST100752,28,Female,Single,1,College,Employed,20914.657094257644,Owner,19,2,9520.67838259671,22880.518312283344,1,0.3798295491383971,0.3058381007871135,3,145.10472653575584,769.7974030130098,8,5,0.0,0.0,0,14,15,2,96,1,4,0.2182537201604943,-764.592254920859,loss,0
CUST100753,27,Female,Divorced,2,PhD,Employed,73719.72843260296,Other,30,2,25982.21474546747,27238.353306770365,75,0.3230226639493229,0.4182272235847865,2,126.08575783644238,689.302853014152,0,0,244224.55947563,0.2505556666069488,0,9,1,1,115,2,5,0.8320004202545839,1017.3737799849746,high_profit,1
CUST100754,68,Female,Single,1,Master,Retired,11233.678993138172,Other,16,2,0.0,35949.241062356334,24,0.0751785636992269,0.3278995592294917,2,238.41754600525223,671.5163062257799,9,4,39380.590996024686,1.0,0,3,6,2,132,4,3,0.5725197907248517,-593.2436979703222,loss,0
CUST100755,61,Female,Widowed,1,Master,Self-Employed,75303.73083750224,Other,7,1,0.0,35904.65150081206,66,0.1772166084014754,0.2523532649888765,10,431.276539993849,658.948151727027,5,1,231889.85322003247,0.8354369926368678,0,14,0,3,179,5,9,0.7191829281795781,-25.66186377859161,loss,0
CUST100756,72,Female,Single,3,Master,Employed,0.0,Renter,27,4,1389.907767474303,84060.55128810168,31,0.9003125161311379,0.2538676666720583,8,291.6997036086668,810.3217572053658,0,2,194194.2401952601,0.643792783171195,0,12,4,0,168,2,3,0.2239082129983225,309.1794260853611,low_profit,1
CUST100757,62,Female,Married,0,Master,Unemployed,0.0,Owner,24,3,11841.632086089545,13704.879943529038,70,0.9888733733242924,0.3352300903775384,1,112.85441217225376,575.0179660410636,2,5,23476.245952979774,0.6067438109802106,0,20,5,0,146,2,6,0.5678670361483874,-325.52774797128933,loss,0
CUST100758,76,Male,Divorced,1,Master,Unemployed,26555.33437942757,Other,27,1,16969.109487613525,18062.10430536057,21,0.1268740809870999,0.0,0,159.6770197658405,689.0976580036536,9,5,53437.53090264601,0.632117886634352,0,17,13,2,129,3,3,0.2981372690386411,-156.02760988476604,loss,0
CUST100759,61,Male,Single,2,Bachelor,Retired,52906.53489792422,Other,17,5,3803.803756312287,7936.31237533813,59,0.9624299914409176,0.4641107005775794,0,88.28111155579343,718.4309064078103,5,1,7997.227270583746,0.2190650613069072,0,17,12,3,99,4,4,0.539270101257468,171.5111099622469,low_profit,1
CUST100760,41,Male,Widowed,2,Master,Employed,23169.60106631828,Other,2,4,0.0,37166.89022152007,64,0.6104319284274973,0.0606884142766626,7,231.89662403868977,550.6490221746857,9,4,0.0,0.0,0,16,15,1,33,3,9,0.5768042742919444,-604.1365214598369,loss,0
CUST100761,81,Male,Divorced,5,PhD,Employed,43644.41265821034,Renter,20,2,34272.700924733304,10112.89868738253,88,0.6252001583010348,0.1157097953142157,3,225.16075302229524,643.4607029714598,0,5,74313.4655138489,0.5059593322429377,0,11,12,3,186,5,6,0.6856124137091297,-86.08057987889079,loss,0
CUST100762,22,Male,Single,1,Bachelor,Self-Employed,30642.348300340367,Other,10,3,0.0,0.0,35,0.2512057362687292,0.0,8,350.17285284152825,648.1930980524943,3,1,19901.96876067781,0.4737125945033633,0,19,9,1,163,2,3,0.6835255886070661,112.7335662757678,low_profit,1
CUST100763,52,Female,Married,1,PhD,Employed,96840.90628824403,Renter,12,2,1651.9701255549812,0.0,34,0.0796069479321632,0.1866589783889894,10,378.9200711205313,640.0178606082939,5,5,0.0,0.0,0,15,5,2,99,2,10,0.17185718866923,-501.671995194389,loss,0
CUST100764,46,Male,Divorced,4,PhD,Unemployed,40396.11312825578,Owner,7,5,1134.5838410224023,17289.178023688866,14,0.5599335186974352,0.3416645017251184,6,177.28573972190856,736.0368715904862,10,3,0.0,0.0,0,12,10,0,156,3,8,0.7730032405264904,-71.91502539122601,loss,0
CUST100765,54,Female,Married,0,College,Unemployed,30598.130944781577,Other,19,1,0.0,37615.56142730104,87,0.8938671314143404,0.136518373117132,9,398.18529163306994,732.1291470757388,7,4,0.0,0.0,0,1,6,2,148,2,5,0.7934514957494329,-129.4511370002515,loss,0
CUST100766,29,Female,Married,3,Bachelor,Employed,80168.80224121206,Renter,9,4,0.0,424.4575230742848,14,0.3267678307563016,0.6344531808195055,5,178.43403370043342,626.2620096502042,2,2,0.0,0.0,0,6,13,3,186,5,2,0.2381488367826024,-718.6820012795122,loss,0
CUST100767,72,Female,Divorced,0,High School,Unemployed,49476.65383195337,Owner,22,1,2722.803851642472,44309.86193538971,37,0.9503867907059146,0.0201843143631048,1,96.12382347306824,547.971320775939,7,3,95096.26347764768,0.801346014245413,0,3,15,0,154,2,8,0.0067265277481229,-87.53717975976701,loss,0
CUST100768,64,Male,Married,4,PhD,Unemployed,92445.42258899224,Renter,5,2,5375.418414868214,51836.10678149291,43,0.5574065879665157,0.2859559276964766,6,366.0741985469549,447.772208251205,9,4,34803.261768396114,0.812028763734254,0,14,14,2,76,2,3,0.4927118622221175,-849.0771454944902,loss,0
CUST100769,61,Female,Divorced,4,Bachelor,Retired,48361.05093277643,Renter,25,3,3238.664964490217,0.0,92,0.8415763423863636,0.6342695150874953,4,132.89037287972562,609.8624320102825,9,0,100573.54324727989,0.5826597727703582,0,13,10,0,34,1,1,0.0428749334509903,941.1110676486832,medium_profit,1
CUST100770,57,Female,Married,4,College,Employed,72181.68367284242,Owner,4,1,2650.757284790254,12129.698149614396,42,0.8684850954814025,0.4595701402764278,1,91.87875798375644,512.6558696045383,7,0,114589.04202758924,0.3801910496890254,0,20,13,1,174,1,5,0.3032624295678955,160.90110495978428,low_profit,1
CUST100771,84,Female,Widowed,4,PhD,Retired,64838.98627988085,Owner,15,2,11441.237678501087,31639.776276494387,55,0.449004358789837,0.0,10,472.7549212723813,613.9270836604661,4,5,117238.93376113824,0.6333311634719688,0,0,4,2,131,2,6,0.2879132644023806,248.66000998222805,low_profit,1
CUST100772,26,Male,Married,5,PhD,Employed,72098.23689111516,Other,4,2,0.0,14078.71724558732,9,0.1262954190386912,0.3205834781046474,9,406.1225437232058,468.5955933999895,0,5,217344.1885622985,0.6883493472755114,0,2,1,3,189,1,2,0.5195905956979727,-581.1675978248909,loss,0
CUST100773,71,Female,Widowed,1,College,Retired,12581.881775724927,Renter,0,5,17445.651603552556,74629.97822055497,22,0.7669350167487616,0.0358243289245364,6,198.5392561212291,777.1401794903767,7,1,50110.99446872932,0.2911132303503511,0,11,15,3,82,3,6,0.5620413022319565,62.59031322240108,low_profit,1
CUST100774,52,Female,Married,3,College,Employed,85008.09614512045,Renter,4,5,0.0,53318.33040510445,12,0.5109281675269305,0.0,10,400.67269075876186,550.5243853550355,10,4,63659.73955887524,0.6050770555944543,0,3,12,0,140,2,8,0.9603505814144744,-482.8092014881757,loss,0
CUST100775,78,Male,Single,3,College,Self-Employed,84287.83307915658,Renter,25,2,10308.943142159493,47162.78141868032,73,0.6553960858475746,0.2753727129295464,2,254.3512468234489,760.2580267978341,5,1,5434.969697000546,1.0,0,18,6,3,43,1,7,0.7994029620807968,52.607307680999725,low_profit,1
CUST100776,27,Female,Married,4,PhD,Self-Employed,123158.92288374936,Owner,28,2,5348.879470894086,2489.782208625147,42,0.6533196670092067,0.5736158700977202,3,269.8203466551936,712.5901388394959,8,1,135112.4098380238,0.8447711837085187,0,9,8,3,31,4,8,0.7371149342034757,468.99050268409167,low_profit,1
CUST100777,81,Male,Married,3,Bachelor,Self-Employed,42232.77465561556,Owner,18,3,14757.1337766925,30015.11014909191,34,0.8654331732831615,0.4371715637216837,9,452.95490321070287,484.62694262085387,9,5,94698.1717009852,0.4722828349709939,0,5,14,3,0,2,10,0.1743305656324453,383.8269980196517,low_profit,1
CUST100778,26,Male,Single,2,College,Retired,78692.62043667285,Other,29,4,7398.577458492966,39726.199867004434,93,0.1125130892860679,0.1003118294246563,7,388.05435425081953,850.0,2,4,249137.0418416905,0.6785827021096432,0,16,7,1,38,1,2,0.1347162931653381,560.4410909894101,medium_profit,1
CUST100779,64,Female,Single,4,College,Self-Employed,42925.55403982398,Owner,28,1,0.0,30818.494974578454,34,0.760996763067022,0.3869882076735797,7,405.4059749391765,660.601331875688,7,4,103776.81903684838,0.6612778964146828,0,18,14,2,175,2,6,0.6673479044015299,-640.0037782799754,loss,0
CUST100780,63,Male,Married,5,PhD,Retired,75563.79052355164,Owner,25,1,13635.282425215211,33429.38635180782,26,0.0173370188335342,0.5305296206523384,4,187.0217168776926,578.2596206503048,1,4,96795.04221318517,0.365943858720645,0,18,10,0,117,1,6,0.8351840814339013,-465.1171564580196,loss,0
CUST100781,38,Male,Single,0,College,Self-Employed,41072.07498786631,Other,30,5,0.0,19040.08362517724,96,0.3482475479245809,0.2571699378577622,0,39.76789933140388,783.7154486331384,4,5,17884.096129429756,0.2828748586460814,0,16,6,0,156,2,1,0.5765491754977733,-299.4210441305845,loss,0
CUST100782,78,Male,Married,5,PhD,Retired,34887.29599154882,Owner,19,1,4412.795728953713,38930.73013881423,19,0.3978195045025382,0.3399220836805565,10,295.4506493828256,809.4179547521476,3,1,97900.31433927588,0.4277380840605783,0,14,13,3,192,2,1,0.1151659161287345,466.7233366874137,low_profit,1
CUST100783,29,Male,Single,3,Master,Employed,65830.003900147,Owner,29,2,3526.5977337849376,49278.50846111141,6,0.1209567905776795,0.3498901891860144,0,144.59987184843263,739.9228192939327,10,5,299218.3998600687,0.5449757143489906,0,14,7,1,159,2,1,0.29361222365412,-499.3964602062608,loss,0
CUST100784,42,Female,Widowed,2,College,Employed,63497.35536037391,Other,5,4,15715.159355810389,0.0,84,0.8768725146736487,0.0,4,151.7918638197039,641.2884729379853,4,1,0.0,0.0,0,9,0,3,160,5,3,0.9219289894190104,-181.33835791834736,loss,0
CUST100785,19,Female,Married,1,PhD,Unemployed,75074.99088387871,Renter,4,1,0.0,1463.4684643731523,76,0.1936538942204839,0.3138674323430696,5,244.72342053576307,786.254348461517,6,0,0.0,0.0,0,20,0,1,183,5,10,0.3452387759700664,416.2255030958054,low_profit,1
CUST100786,81,Male,Single,1,Master,Employed,84519.1861121498,Owner,8,2,14540.85102156628,54369.60429743373,55,0.9351688501165514,0.7404027849319232,8,299.4692370343573,664.3907951380945,4,1,60957.15800778581,0.5167123133503948,0,0,8,0,190,2,1,0.1408458276845514,674.7778986867191,medium_profit,1
CUST100787,79,Male,Widowed,0,Bachelor,Self-Employed,105986.20066908936,Renter,7,5,0.0,12779.006556688491,64,0.2779307742439878,0.5754361873009123,2,74.28504825391924,802.003650690209,1,3,13686.8353182922,0.770880400224144,0,18,0,3,58,2,3,0.8600109016999511,-781.4910334285603,loss,0
CUST100788,85,Male,Divorced,2,Bachelor,Self-Employed,105008.23827002964,Other,20,1,5745.095938267727,50512.64227745165,29,0.701201004611937,0.828402382098524,4,113.02487727200116,759.8099155047466,0,4,54932.816579484366,0.7444893970441959,0,12,15,3,94,4,5,0.6229064096874176,-801.5743421771006,loss,0
CUST100789,65,Female,Divorced,2,Bachelor,Retired,131639.03116574197,Owner,30,2,6800.710376959814,24541.33359548974,33,0.4795714977501238,0.1328621989959927,1,188.38615349372927,809.7220191606439,7,3,136718.7412827739,0.5005291257171813,1,1,1,0,200,5,2,0.0387303919137973,-218.0355347337466,loss,0
CUST100790,21,Female,Married,0,Master,Retired,14743.320953614304,Renter,24,1,6849.705750731562,39055.12704153389,63,0.1618743570432459,0.6414659619118446,8,206.0356782892361,622.918119727131,1,5,0.0,0.0,0,14,3,1,151,1,2,0.9742011676931306,-998.413061774092,loss,0
CUST100791,25,Female,Single,1,PhD,Employed,19902.9449905524,Renter,14,1,18366.57357758983,60972.78590048073,32,0.0538830791558784,0.3640433155897657,3,278.7192407395758,822.1294945685148,4,2,63395.83805802353,0.5809776704598468,0,8,15,2,51,4,3,0.1142058573966081,177.24320477286835,low_profit,1
CUST100792,43,Male,Single,4,Master,Self-Employed,50688.27025867304,Renter,17,5,0.0,35285.095272146784,87,0.3553335178406523,0.2919332179571912,6,311.4365230241509,774.5360724077876,7,0,59352.34964386097,0.5674592596861816,0,17,0,2,50,2,10,0.402579852615181,491.5962609737072,low_profit,1
CUST100793,74,Female,Widowed,3,Master,Self-Employed,62164.59710465284,Owner,11,5,12382.37230816162,7133.2201783227865,9,0.5246159154217528,0.3174947507361478,2,158.99022341423563,723.3042951529484,0,0,0.0,0.0,0,12,13,3,25,3,6,0.6268376453914806,167.8121830047803,low_profit,1
CUST100794,21,Male,Single,0,Master,Retired,66918.32546298644,Other,14,1,0.0,36998.47430498785,33,0.0373507367048252,0.1209291252681599,10,323.45981350043456,806.2853693033217,8,0,283782.77453883,0.427848639659636,0,18,8,0,80,2,2,0.316665908578468,428.8867571491218,low_profit,1
CUST100795,40,Male,Divorced,4,PhD,Employed,38197.74285353942,Other,9,5,15409.541737977894,4694.831818295701,64,0.929261028115272,0.3961173516855425,6,302.83713530232103,612.7011033110647,7,5,29301.54109016313,0.3937949449705386,0,2,6,3,151,4,2,0.8136653036965151,-423.1368447536886,loss,0
CUST100796,66,Female,Single,3,Master,Employed,34890.58936681239,Owner,6,4,10519.642593318276,23118.03943475334,37,0.9525463659249556,0.2771055256402274,7,261.8272563786776,714.7755907400128,3,1,0.0,0.0,0,13,5,1,188,5,10,0.5951213411175152,391.62344976127525,low_profit,1
CUST100797,32,Female,Single,0,Bachelor,Self-Employed,105910.03693063234,Renter,27,2,0.0,53436.202865476895,4,0.2143422474508618,0.5996195266975568,0,163.9627455235667,618.3845010971957,8,1,0.0,0.0,0,13,1,1,169,1,5,0.0950780499698173,667.7259375036433,medium_profit,1
CUST100798,28,Male,Divorced,5,PhD,Retired,43577.77431699381,Owner,28,1,23686.032191630024,30696.150809996645,11,0.9760113019083202,0.1395601183929641,0,107.5003631467365,585.2840488988288,10,4,158990.49590908302,0.4857632051831627,0,16,0,0,139,4,5,0.3041140775017734,301.5075024375298,low_profit,1
CUST100799,35,Male,Single,3,Bachelor,Self-Employed,88674.08235337443,Other,14,5,157.41648069169787,29081.423425196783,48,0.4376678461768252,0.296686318035496,0,12.342896777198131,768.3324511516092,0,2,109074.43355103258,0.5559772537490343,0,13,15,2,121,1,3,0.8421187638410503,-529.1642608768151,loss,0
CUST100800,66,Male,Divorced,4,Master,Employed,48846.62965429535,Other,21,1,0.0,35152.017147962586,21,0.510898283801898,0.6784383521666135,7,340.2898206657408,611.6280859308937,2,4,0.0,0.0,0,17,4,3,185,4,10,0.9432701617408404,-816.6441848791322,loss,0
CUST100801,79,Male,Divorced,0,PhD,Unemployed,81737.75336169367,Owner,22,1,9484.8545419644,26829.246151670864,34,0.9047215118294272,0.116396187672207,1,117.60572469464202,709.2376791639924,5,3,0.0,0.0,1,17,7,1,124,3,9,0.5581876205215655,-1031.3679279936605,loss,0
CUST100802,60,Female,Divorced,0,Master,Retired,86145.73158263802,Owner,9,1,0.0,0.0,78,0.9262270958843268,0.6158875783389719,10,400.2689589468507,638.8240360495415,6,4,163594.7845943822,0.5692004669604336,0,8,13,0,68,4,9,0.3123936738944753,-202.1731098060144,loss,0
CUST100803,26,Female,Single,1,PhD,Unemployed,73152.38098489936,Owner,12,2,0.0,32649.94286991291,21,0.9812262872861146,0.2237021170351814,5,202.6314795248689,567.9506556594969,10,3,83748.20747263992,0.5473384386244168,0,17,4,0,128,5,4,0.2659182215826368,-248.58021597049168,loss,0
CUST100804,69,Male,Single,3,College,Unemployed,23695.171697575264,Renter,15,2,20914.00367762804,47534.28372772232,97,0.527209300139355,0.4928311768343957,9,361.8004091869626,669.4555297558318,9,0,0.0,0.0,0,2,6,0,150,2,6,0.661181135144018,1408.768563362992,high_profit,1
CUST100805,38,Male,Widowed,0,College,Self-Employed,58167.074759823954,Renter,23,4,0.0,38336.03148966228,1,0.3417290165020552,0.5334241576006595,3,127.21623153831086,697.6949443914534,8,4,177857.51679393742,0.8165999877033737,0,10,0,1,92,3,5,0.4955919619250637,-432.6889121448086,loss,0
CUST100806,51,Male,Single,3,Bachelor,Employed,39786.29683021571,Owner,22,3,14575.371632797674,0.0,36,0.0282549618758108,0.2701088613670022,9,431.5007663430404,556.9168798375329,7,5,2344.619856647536,0.5402359821941591,0,2,4,2,152,5,10,0.7530081610874918,-10.358460296037862,loss,0
CUST100807,23,Male,Widowed,3,PhD,Self-Employed,43432.162436621744,Owner,8,1,0.0,75838.22533637373,57,0.2708700777120848,0.6734924008322702,8,288.74052671400824,583.7934179743717,3,2,208211.6751303567,0.5201069019054294,0,12,12,2,139,4,10,0.6631679500520509,-303.5737912090533,loss,0
CUST100808,49,Female,Widowed,2,PhD,Retired,58101.78120309253,Other,9,1,0.0,49677.04687212293,42,0.3402849926676764,0.3251773061153316,4,299.871705655184,652.3448576780759,0,0,0.0,0.0,0,4,5,0,175,4,6,0.2463965020849621,436.05623307197135,low_profit,1
CUST100809,66,Male,Divorced,0,High School,Retired,10758.596531937095,Owner,13,1,5122.235484151694,6066.688154312084,30,0.832524020940114,0.2468878974962917,8,371.2643836677385,837.0101853610371,6,1,169929.95729215856,0.5935446211794764,0,7,13,1,25,5,10,0.2599053407285648,472.098074289797,low_profit,1
CUST100810,65,Male,Widowed,3,High School,Employed,116396.23648263024,Owner,19,5,10207.561203587113,23443.87080246954,39,0.8069935600153114,0.0147963765759095,4,237.286892897595,739.3873218164744,2,0,132932.37725828623,0.4736696950972712,0,12,12,2,189,5,10,0.4349080132792889,908.6208978399296,medium_profit,1
CUST100811,81,Female,Single,2,Master,Unemployed,49092.80115254913,Owner,0,3,3159.676008009973,0.0,41,0.4235906814424572,0.2556437192567728,5,238.12067699280877,796.9369302408054,8,0,0.0,0.0,0,9,10,1,49,5,10,0.028891335615154,536.4666041410435,medium_profit,1
CUST100812,34,Male,Divorced,2,Master,Retired,37321.47879924239,Owner,27,2,8604.416762927729,25669.53604927653,99,0.4187339718379625,0.1121516918635986,4,181.46577306733093,833.2551467665128,5,4,142893.2013532215,0.479018647214365,0,7,1,0,177,4,3,0.8555754884089384,-42.35449519578586,loss,0
CUST100813,33,Male,Married,2,College,Retired,76122.36008461143,Renter,30,4,11423.01235011176,0.0,89,0.6566441466953488,0.5013213082065255,4,268.8112255079635,643.0301037074269,9,0,14217.206655873311,1.0,0,3,2,1,71,1,2,0.3725092702412524,1222.5138736183862,high_profit,1
CUST100814,82,Female,Widowed,0,High School,Employed,48410.32573658474,Owner,15,5,0.0,57795.28267892711,67,0.9819785237020324,0.0309580658382794,7,423.0950868605321,599.6561096500496,2,1,16864.770091215083,0.8832823583400584,0,5,11,3,3,3,8,0.1349100172088743,728.6984013258316,medium_profit,1
CUST100815,70,Female,Married,5,Master,Employed,55264.8747047922,Owner,23,1,8082.9206363882095,17992.286142577883,22,0.0534712165883998,0.3279307379130701,8,367.1814341116624,707.3336744778137,7,2,146876.98956813532,0.7934356244877899,0,11,12,0,118,5,6,0.9737029136642886,261.0487411532034,low_profit,1
CUST100816,39,Female,Divorced,4,College,Unemployed,49129.57327361693,Owner,3,5,12418.222943901266,28160.630675939068,89,0.751178549472695,0.0836171262573733,8,276.5874697469013,659.6712208089061,4,0,58452.698378432455,0.7820431567329491,1,13,8,2,167,3,5,0.6522070353271369,-743.7276501964554,loss,0
CUST100817,61,Male,Married,0,High School,Self-Employed,23724.03866281181,Owner,4,4,5567.416832968194,32269.12080113105,37,0.76975092692127,0.3371675257805506,9,440.07594214166113,791.987151595443,7,5,151892.32400898985,0.4811578255236666,0,2,14,3,198,4,4,0.2428962041772756,-684.5284762345896,loss,0
CUST100818,55,Male,Widowed,1,High School,Self-Employed,28794.03867133581,Other,17,4,11988.156702804765,58976.40216675431,88,0.1697159545097332,0.2369836144182153,1,104.7034305899641,675.8569435275007,0,5,196678.2556898976,0.7011115706430016,0,2,12,1,10,3,6,0.7147581848155085,-331.87134813014814,loss,0
CUST100819,42,Male,Widowed,4,College,Unemployed,24272.5048207882,Other,17,5,11787.28069279419,11417.273189804837,19,0.2667653309116434,0.0731959628130083,3,130.83440044263324,665.3228423233288,4,0,0.0,0.0,1,20,3,0,183,4,8,0.4741706364240979,-305.55273796975166,loss,0
CUST100820,54,Male,Widowed,2,College,Unemployed,16770.55096425244,Renter,8,3,14588.163064676724,52553.72589032858,34,0.2618875684402695,0.0,0,42.053203015698834,797.845780566655,8,2,0.0,0.0,0,15,6,3,180,5,2,0.0155695948137862,-0.8026747368501503,loss,0
CUST100821,59,Male,Single,1,PhD,Retired,57946.60522000753,Other,16,3,5287.755640809986,26298.047011575625,69,0.7353411420136434,0.5424258408466972,9,361.2278598529814,576.0411987474972,9,4,110784.03387350086,0.8202660329779101,0,4,1,2,80,4,10,0.7030775705936916,71.65880870042503,low_profit,1
CUST100822,79,Male,Divorced,3,College,Unemployed,129740.96742970252,Renter,7,1,0.0,49146.096451870624,12,0.8618478903837455,0.2787818729317159,9,466.3416127380774,823.3406076352669,4,1,49231.10042786305,0.5224248436275061,0,6,7,3,41,5,4,0.238267165184119,443.1634383500463,low_profit,1
CUST100823,31,Male,Single,5,PhD,Retired,45253.1418294321,Owner,12,2,0.0,19663.062336523428,73,0.2100902571037816,0.4238065893177065,2,163.27840985484,839.2038751587091,0,5,61112.937529651215,0.8636394134468051,0,6,5,1,31,1,2,0.0149028315031101,-820.5548483628017,loss,0
CUST100824,47,Male,Single,0,High School,Retired,46702.09605546291,Renter,13,4,2114.248828458988,27708.811450549605,15,0.0453096099945958,0.3168188776500393,0,126.27581744919196,769.0910957392193,10,4,5519.31618295097,0.6278057373906251,0,15,12,0,2,5,2,0.8178298644384123,-727.6766202101819,loss,0
CUST100825,42,Female,Widowed,0,Bachelor,Employed,32223.302883265504,Other,7,5,3863.333109185646,27126.80940205764,38,0.928556176418995,0.2669838869993908,10,463.07793171052487,703.1759456581451,9,4,57567.35406133861,0.5135409641785339,0,15,8,3,200,5,3,0.1949874111627179,-145.38286200960255,loss,0
CUST100826,57,Female,Divorced,5,High School,Employed,24915.5811239095,Owner,6,1,0.0,85599.27248447112,59,0.8353010770052435,0.0924017290021539,6,205.6616196405472,564.6245325290241,4,2,123447.67450012178,0.1845760292452251,0,18,12,3,19,3,1,0.902939384348926,-1087.947273404494,loss,0
CUST100827,23,Female,Widowed,5,Master,Retired,124374.74775229466,Renter,2,1,0.0,0.0,2,0.9049870941587153,0.0001637596084603,6,264.7865557354603,789.8359568346985,1,5,162477.67199858127,0.4974822406042982,0,7,9,0,114,5,6,0.1005715832026546,-379.48200731335874,loss,0
CUST100828,52,Female,Single,4,PhD,Employed,101707.65982535967,Renter,24,5,22873.464144298254,25073.294376403035,98,0.1946473377190269,0.0,6,241.73430474795651,617.9121077590313,2,3,7319.580506474238,0.5482122406843218,0,18,12,1,99,5,8,0.7849116401033597,320.8835472058574,low_profit,1
CUST100829,85,Male,Widowed,4,PhD,Employed,93566.83793792008,Renter,16,4,17744.284266875813,26566.526921504334,79,0.0726478499478426,0.5196969752103637,0,118.27238116972792,735.7661366631089,2,2,56450.59728625717,0.7813088314219927,0,2,14,3,5,5,4,0.126504197882689,387.9232151514028,low_profit,1
CUST100830,29,Male,Widowed,5,Bachelor,Retired,121734.33531293288,Other,16,5,0.0,19696.582018159643,72,0.8310370137742293,0.2746962206092099,2,118.14794298894272,743.945269045799,1,4,176796.0487103089,0.5951202865527686,0,18,11,1,18,4,6,0.335614401925331,-652.3708525620314,loss,0
CUST100831,58,Male,Widowed,3,Master,Unemployed,85275.41689365014,Other,2,2,12549.587661419644,0.0,63,0.2967978595576924,0.2992391732658401,9,256.56469724982713,540.9858169319702,8,5,0.0,0.0,0,20,4,2,23,5,10,0.4028129349646373,-834.1363855030085,loss,0
CUST100832,35,Female,Divorced,1,College,Self-Employed,84277.94094725957,Other,30,4,6168.301741721838,4288.179984879447,43,0.5122267647656417,0.4760131925914684,1,191.72534303337733,556.6194176071585,4,5,83011.37904709436,0.4371978661416888,0,8,4,0,141,3,5,0.3728484100558352,24.80969728105208,low_profit,1
CUST100833,23,Female,Widowed,4,College,Employed,75128.12244115151,Other,4,2,10214.49399059529,56739.38147111921,47,0.4969449626691977,0.2835492600657093,0,3.61236324622769,730.6450862963341,0,0,6226.267759567541,0.6363979765245595,0,7,10,3,70,1,8,0.1716770694499619,300.08904037600644,low_profit,1
CUST100834,35,Female,Widowed,1,PhD,Self-Employed,57050.70457636872,Other,19,3,0.0,36629.41792661791,93,0.8854788153435845,0.3729122954710914,4,117.99415602856422,631.9826523652049,8,5,0.0,0.0,0,16,5,1,176,3,8,0.2403704754269827,-189.9645470077653,loss,0
CUST100835,35,Female,Single,3,PhD,Unemployed,74743.36532683206,Owner,15,1,2709.189690782903,7259.342337050253,8,0.7863011833387037,0.1356370343157308,8,401.9300562560519,830.2590396786231,0,0,63766.19408680461,0.4898825865998586,0,11,0,1,118,1,2,0.3149833693052066,680.3033769908698,medium_profit,1
CUST100836,72,Male,Single,5,Bachelor,Self-Employed,35568.05437661029,Renter,1,5,20008.430302803783,57056.0106979345,18,0.1996095705319206,0.2066851857594446,0,161.9323975297629,637.132975296914,9,2,0.0,0.0,0,0,15,2,179,1,9,0.5740024952978461,-95.64834399674788,loss,0
CUST100837,57,Female,Divorced,1,College,Retired,19815.906751267317,Renter,18,5,6351.903409873859,23475.325911172808,74,0.2133385454506017,0.0309329025169516,6,289.71241369328254,671.8835957535442,4,3,100533.71476473485,0.7055678699831174,0,13,2,1,121,2,5,0.8109367902459189,-433.8360626527087,loss,0
CUST100838,28,Male,Single,0,Bachelor,Unemployed,56152.09558548508,Owner,4,3,0.0,48034.57394280548,100,0.5614803408383416,0.4568292832706997,9,398.21582538333007,610.1972773675542,1,3,0.0,0.0,0,6,11,3,65,5,4,0.3373951082777761,-501.5830432697344,loss,0
CUST100839,37,Female,Single,3,Bachelor,Retired,0.0,Owner,23,4,8359.681734405767,24543.109073197385,58,0.1937561377010196,0.4940350165135718,8,361.0719117408193,590.1590782037447,4,2,0.0,0.0,0,16,6,2,45,3,4,0.3826250800575117,-24.352045207644323,loss,0
CUST100840,56,Female,Married,4,High School,Unemployed,29871.283095172406,Renter,1,4,0.0,49919.47357692891,57,0.9270119836680608,0.1603476302497215,0,89.79712817054187,712.4175684744613,5,2,11923.65961381956,0.3461069467974373,0,12,5,1,144,2,1,0.5940666201264732,-591.0249834318508,loss,0
CUST100841,60,Female,Single,0,Master,Unemployed,77973.09995590785,Other,0,5,0.0,46182.25581462758,14,0.8894832151649221,0.1300558157044607,1,233.8667003129181,651.7016073927159,7,4,103068.3123010048,0.4673127685561024,0,3,0,1,84,3,8,0.6819771631737432,-381.6338094508725,loss,0
CUST100842,24,Male,Married,5,High School,Retired,50559.27513635722,Other,19,3,6293.680067038185,0.0,30,0.3151270435569631,0.0,4,144.57686941428076,761.5967006046839,2,0,153718.140564905,0.4179026592936957,0,4,5,3,80,5,6,0.8719229397325138,216.24260559091792,low_profit,1
CUST100843,25,Male,Married,3,High School,Employed,68841.57758706904,Renter,3,3,11932.176016587042,0.0,28,0.8628236630519796,0.1227919506043245,2,137.5350164688575,666.7420620150125,10,5,120314.01972360491,1.0,0,8,14,2,8,4,5,0.0438258868147554,-632.493974381654,loss,0
CUST100844,81,Male,Widowed,5,College,Self-Employed,17790.676136880335,Renter,19,5,9022.68077201298,56419.9157908142,7,0.9307503279586552,0.3216028241959002,9,414.4490861785728,609.3351454845707,3,5,145799.3941480019,0.732709123699687,0,2,1,0,100,3,10,0.2162318003910386,244.36130872106864,low_profit,1
CUST100845,56,Male,Married,5,PhD,Employed,71442.76852603025,Owner,8,3,14972.655676588727,53637.80085117788,17,0.9376876803594284,0.2867102049381088,3,189.14870436253503,664.1920553820681,4,0,172727.38220812625,0.3579678994038229,0,9,3,1,167,3,10,0.6165994621210313,769.4607135440252,medium_profit,1
CUST100846,40,Female,Divorced,1,Bachelor,Unemployed,18899.201179067124,Owner,1,3,15653.762722596028,24839.08968777677,50,0.0706616791580443,0.5537166471294939,0,97.37855429857146,749.1412756355527,9,0,0.0,0.0,0,12,13,0,18,5,7,0.7171288239898705,525.7141443500725,medium_profit,1
CUST100847,79,Female,Single,5,College,Retired,106537.35799283188,Other,8,2,13822.864925992157,14768.242699275605,92,0.8897634443373729,0.2387972091285182,3,208.92157044612597,714.542721740576,4,2,0.0,0.0,0,11,7,0,0,4,8,0.4584762705637286,651.1474061695776,medium_profit,1
CUST100848,38,Female,Divorced,0,College,Self-Employed,64329.79415178111,Other,11,1,0.0,36787.116255124405,10,0.493230269942556,0.2303685206365373,6,194.7877931227909,692.5073443881552,6,1,13138.063421430035,0.7614092833213375,0,14,8,1,149,1,3,0.6614914607034992,-7.690587366501461,loss,0
CUST100849,37,Male,Married,2,Bachelor,Employed,68491.59486775962,Owner,0,1,1606.8881286184096,29173.2559038166,74,0.0398338186975645,0.3039199233155256,6,209.61478569984368,619.7569960135163,3,0,107892.86485712348,0.6920084647720932,0,17,13,2,62,1,3,0.886398448816336,-199.86683331286184,loss,0
CUST100850,32,Male,Widowed,3,Master,Self-Employed,97660.49340865423,Owner,19,1,0.0,46405.96749017929,37,0.8963847136373689,0.1098093233811056,5,357.59031199800046,769.593210094085,7,2,0.0,0.0,0,18,14,2,144,2,2,0.1709919243560662,-279.8958014464952,loss,0
CUST100851,72,Female,Married,3,High School,Self-Employed,68401.36028092213,Owner,13,2,0.0,0.0,2,0.884744291709474,0.2645016232451433,2,129.89608654031923,708.2441766634843,2,0,13068.122984181116,0.2841127402564802,0,14,0,1,0,4,2,0.0908341094937406,189.30202364667,low_profit,1
CUST100852,62,Male,Married,5,PhD,Employed,71736.27981712182,Owner,6,4,10817.817706283626,29675.537648081176,90,0.9574352142829337,0.5313667562073978,1,153.0692333211306,739.7397023459234,10,1,0.0,0.0,0,16,3,3,185,1,6,0.5655433915142963,-72.71023917554666,loss,0
CUST100853,73,Male,Single,4,Master,Self-Employed,17914.01528376436,Other,11,3,3918.610096085833,52242.012384426765,71,0.550601110469945,0.4370580169421936,9,418.0602206892535,840.2009325919122,7,5,19711.47562010069,0.8692199589028515,0,5,3,3,142,5,1,0.708829723673641,-828.7292692316802,loss,0
CUST100854,61,Male,Widowed,4,PhD,Self-Employed,104147.55247709682,Owner,17,4,4781.432525578764,44144.62747608553,78,0.9426048409534484,0.5950224728619711,8,368.6075632750518,680.6572371418795,2,4,71838.89875441742,0.8577726850412604,0,9,1,0,131,2,3,0.7223824765830692,-74.40810481382343,loss,0
CUST100855,79,Male,Single,0,College,Self-Employed,20373.231524815164,Other,9,5,26430.0705458491,20604.710713257264,17,0.6252720574037822,0.3317512101875085,3,268.16098333129264,815.6006669451127,0,2,0.0,0.0,0,8,15,2,167,2,3,0.9245547633566414,-111.71533854965668,loss,0
CUST100856,85,Male,Single,3,Bachelor,Self-Employed,67612.11890324499,Other,0,2,0.0,24241.878462641595,95,0.6273027787714184,0.3490077328630812,0,126.80877329089886,673.0048103174836,0,2,0.0,0.0,0,4,7,1,33,4,8,0.3591752562708145,143.66885529953896,low_profit,1
CUST100857,34,Male,Married,2,College,Employed,63106.144618475264,Owner,16,1,19311.52117761741,24799.274996391105,54,0.3354651472444525,0.1239976036618472,0,79.17457699334838,726.918092025516,0,5,28421.28736717804,0.3644477084017283,0,1,11,1,112,4,8,0.3558589249691639,129.53853443708903,low_profit,1
CUST100858,30,Male,Married,0,High School,Self-Employed,41331.89331318012,Other,2,4,0.0,56563.321079146655,88,0.8834603936445315,0.1991403968374753,10,362.6335275781522,639.2176107384375,4,3,0.0,0.0,0,1,5,1,30,1,5,0.2479414853613588,303.182975530051,low_profit,1
CUST100859,53,Male,Widowed,3,College,Self-Employed,21315.582383709378,Other,2,2,5584.494807056499,48252.406450808805,16,0.4197995624456396,0.3843433866006194,0,73.37849796691953,694.0345688007808,8,2,0.0,0.0,0,13,12,3,192,1,7,0.2338678814502522,-637.4949313868241,loss,0
CUST100860,68,Male,Single,4,PhD,Retired,65634.01014127566,Renter,11,1,0.0,34067.18919997536,39,0.5812135211150327,0.4363486817630283,4,119.25567235377532,796.2502885800102,6,3,0.0,0.0,0,9,6,1,145,4,6,0.0085361398927931,254.95082354444529,low_profit,1
CUST100861,66,Male,Widowed,1,College,Self-Employed,83024.38033662392,Renter,4,4,4982.858463309361,51790.731661532816,16,0.0884596503937072,0.7730815543999947,2,212.28062113013843,556.127989894313,10,1,27473.73575086464,0.1243136680253342,0,10,10,2,172,2,2,0.6791778021655014,-126.09642382019624,loss,0
CUST100862,83,Male,Widowed,4,PhD,Employed,70961.82725775422,Other,19,4,4608.378845572406,16909.3285800338,19,0.6394700351365065,0.0,4,278.5407508146278,737.3533683411769,10,4,195543.4483915325,0.4817963088533136,0,12,8,1,51,5,6,0.8049979451255644,-192.8168317743231,loss,0
CUST100863,35,Female,Widowed,1,Bachelor,Employed,12955.670597398486,Renter,17,2,9572.13063692514,22132.35404510686,29,0.2455225755329582,0.1475164098794171,3,110.4278126823936,623.963635878387,3,0,10638.84179669901,0.676486663138507,0,11,15,3,7,3,5,0.3697949339715175,-72.50401120656738,loss,0
CUST100864,77,Female,Divorced,3,Bachelor,Retired,48086.54005296442,Renter,18,3,4585.282220008523,8019.215509362817,93,0.7720886837150261,0.6593330403350035,10,323.424021652322,614.6504519938659,3,3,0.0,0.0,0,15,8,3,98,5,9,0.3823077675869697,-298.59926765252766,loss,0
CUST100865,26,Female,Married,2,College,Employed,113954.40261414352,Owner,10,3,10529.052285994814,11268.159875127156,48,0.0221260080895305,0.5212463117719938,0,185.0586069207963,720.0698694288878,9,2,75725.34211115017,0.5311045582495094,0,10,5,3,152,2,6,0.7865273798998548,-303.55283208648586,loss,0
CUST100866,65,Female,Widowed,2,Master,Self-Employed,70132.98297163803,Owner,27,2,0.0,66335.11259150208,2,0.4532003318527023,0.0461417789513791,4,179.0568998826133,850.0,9,0,38868.11512021993,0.6598171468042211,0,12,3,2,13,3,9,0.5835212111131349,704.0608306235706,medium_profit,1
CUST100867,49,Male,Widowed,0,Bachelor,Unemployed,41092.52114986691,Renter,6,1,13642.483846986364,0.0,58,0.5665712461817953,0.1560020933556121,3,186.31311527126053,607.5937192658935,1,5,0.0,0.0,0,0,3,3,135,3,3,0.1420887480074255,-598.7800282586484,loss,0
CUST100868,33,Male,Divorced,5,PhD,Retired,71572.49904545085,Owner,29,5,12026.59998499306,34817.53514400815,36,0.3183356460662068,0.1668613070212906,3,279.77464598460244,736.9016437825167,4,5,62428.56948508507,0.7872112335872032,0,13,14,2,68,4,1,0.1124286167116469,101.05217696039432,low_profit,1
CUST100869,42,Male,Single,5,PhD,Retired,60914.29241761887,Renter,28,2,0.0,16940.996883358384,29,0.9049372929685532,0.1900421280723933,7,322.1685877087632,668.4733666083745,6,5,76805.04275897532,0.7430348780256116,0,6,6,3,0,1,5,0.9110267390455709,-657.6542279994788,loss,0
CUST100870,23,Female,Married,3,PhD,Employed,60483.74363701417,Owner,29,3,6433.063050000037,19681.893737353203,42,0.6490771585639118,0.1149215484714087,10,355.68166084309274,524.456210268929,2,3,0.0,0.0,0,5,4,0,79,2,6,0.4631146986973886,652.8984067849708,medium_profit,1
CUST100871,42,Male,Widowed,0,PhD,Unemployed,38912.656858812974,Owner,30,5,2621.929625740603,39328.62574824634,89,0.7917606318251631,0.4041378992845337,3,203.7092340228295,592.046714783396,10,5,149705.93564536414,0.8254700178710971,0,5,1,1,31,2,7,0.6224343727965892,-282.1266744455522,loss,0
CUST100872,62,Male,Widowed,1,High School,Self-Employed,35284.89391076538,Other,23,4,16910.906831461914,27062.929574893984,32,0.3439693981991746,0.0,5,243.76778860552545,560.0318495267313,10,5,25063.037482751875,0.3673914699430796,0,7,4,1,38,4,4,0.6993105159398063,-205.0691929516625,loss,0
CUST100873,42,Male,Single,2,Bachelor,Retired,60971.88641050736,Other,22,2,19622.54604034729,24190.92167544422,46,0.2255018437594372,0.5145083599145518,3,105.11832732155789,842.8760162036771,5,0,193430.9669352076,0.6569509186771136,0,2,1,3,11,5,3,0.3890899614031187,346.338324269657,low_profit,1
CUST100874,81,Male,Married,1,Master,Employed,73824.74596211597,Owner,0,4,15483.99887813541,28378.657891291656,16,0.1559709191056022,0.6489167740150497,1,197.6065624272682,785.9833561467458,8,1,106827.33771527842,0.8172761422411676,0,17,5,0,126,4,5,0.5341323678160406,320.71907229624753,low_profit,1
CUST100875,51,Female,Widowed,1,Bachelor,Retired,0.0,Renter,4,2,8.61048529634354,53943.36054495708,27,0.9796780494590444,0.1384817319803407,3,300.9588921165377,677.6527494763061,2,1,0.0,0.0,0,16,0,0,193,5,5,0.2537563070441654,506.03746734073576,medium_profit,1
CUST100876,37,Female,Married,5,College,Self-Employed,110444.77372254049,Other,30,3,0.0,32945.96000778168,52,0.0571599109249333,0.1639011904471904,2,190.0075439836764,761.4944639031378,5,1,100968.3077242329,0.7623411143226531,0,1,12,1,162,4,4,0.0666690979531674,858.5014582712107,medium_profit,1
CUST100877,32,Male,Divorced,3,Master,Unemployed,148062.18619165404,Owner,26,2,0.0,0.0,1,0.4855668296590625,0.2213819598597076,5,248.23386023040243,543.2011734439733,4,0,0.0,0.0,0,10,4,0,168,1,4,0.7747683553797512,433.6489378925874,low_profit,1
CUST100878,40,Female,Single,4,Bachelor,Retired,32334.332837051177,Owner,18,4,0.0,40364.37900890823,85,0.3653750150361382,0.1987621877829327,1,83.50807991218423,682.048542512752,7,0,139423.27745009348,0.4467354950437147,0,8,2,1,160,1,6,0.0864779534050751,614.6942563057534,medium_profit,1
CUST100879,52,Male,Single,4,Bachelor,Unemployed,70972.79958278747,Renter,8,1,0.0,0.0,73,0.9333452185282504,0.3692234657595445,1,105.95737088988704,749.2014280566899,3,4,256422.01348524107,0.631618975173362,0,17,15,2,47,1,8,0.8034281209150548,-920.835946533234,loss,0
CUST100880,35,Male,Divorced,1,Master,Self-Employed,54135.820692420784,Other,0,1,7972.272215850864,63345.13683499068,80,0.8668772179784549,0.0,7,327.519406839038,741.3616257571681,1,1,263558.6730077366,0.6564068438418684,0,6,7,3,158,4,8,0.5319803026805034,300.2251131547939,low_profit,1
CUST100881,76,Female,Single,4,PhD,Retired,41123.63551411673,Owner,2,2,4679.525058362865,30670.49404777175,55,0.4905494965105977,0.0,7,350.77066984758994,583.18221721498,2,1,0.0,0.0,0,12,0,3,86,5,9,0.5347651587548661,177.51544275803636,low_profit,1
CUST100882,78,Female,Divorced,1,College,Unemployed,86164.59317052165,Owner,3,5,8240.364427065333,46482.05793711412,12,0.6299652738121404,0.2671701174556452,6,207.4041600875664,820.1931669539543,8,5,50878.84426320718,0.6115728094853513,0,18,10,1,59,1,3,0.0456806880126858,-617.5828288594306,loss,0
CUST100883,33,Male,Divorced,0,Bachelor,Retired,80533.51432909284,Renter,8,3,788.011833870868,49528.62754396137,73,0.6400838751799971,0.0735701718567986,4,261.3908068110335,590.1083745271806,0,1,118742.6755126504,0.5822911570833974,0,17,14,3,78,3,9,0.665381280798579,-300.78436581237133,loss,0
CUST100884,73,Female,Widowed,2,PhD,Retired,86701.73197426379,Other,14,3,0.0,25995.974913992603,12,0.4197895885722021,0.5798455900142319,3,156.08145417304243,850.0,0,2,207239.8210270327,0.5435748446132177,0,1,0,3,62,3,6,0.6990315930589347,119.40797061473276,low_profit,1
CUST100885,78,Male,Single,4,Master,Unemployed,31531.415166939656,Other,13,5,0.0,0.0,24,0.962886053803586,0.634573640379706,7,357.08185519793363,613.6020150923922,9,5,37346.74202529401,0.4179351316143431,0,18,12,1,82,2,1,0.6947214929086099,-704.7144264234037,loss,0
CUST100886,77,Male,Married,2,Bachelor,Employed,48730.9901784798,Owner,16,2,0.0,38833.25128372121,60,0.4135254671754028,0.0132539950379542,3,134.7511411196062,616.2594274684509,1,2,0.0,0.0,0,16,10,3,89,3,7,0.6574591058092156,-755.0390440460432,loss,0
CUST100887,49,Female,Divorced,2,Bachelor,Self-Employed,65355.87509161433,Renter,22,3,0.0,377.0855075656873,10,0.7917071200660456,0.2995262167734384,4,203.58385412938583,645.6393103906947,9,4,249203.66359593088,0.9667793092048752,0,19,7,2,70,5,8,0.2850888835371654,-492.1892050978132,loss,0
CUST100888,52,Female,Divorced,0,PhD,Self-Employed,76714.12855210446,Owner,7,1,12492.825568794511,18050.42283951193,76,0.3281880058385749,0.0008916927003592,6,302.28822970190595,698.7701550691943,3,4,32715.432518588907,0.5128471006058761,0,17,8,0,63,2,2,0.9673381746409542,-581.3468440576793,loss,0
CUST100889,75,Male,Single,5,College,Employed,37478.11178983204,Renter,24,1,0.0,32181.65940699664,62,0.3268234826725615,0.3771940185137751,8,285.23289368656845,582.3355056099947,6,2,142809.06109910813,0.2459037724447843,0,18,4,1,9,2,1,0.0429107345772626,-4.367053555359533,loss,0
CUST100890,53,Female,Divorced,3,High School,Self-Employed,52259.74391407173,Other,19,2,0.0,18698.79052897615,73,0.0546076806110181,0.6742148964616228,0,147.45934288895367,614.9115910961101,5,0,294122.1722471914,0.6874253559462103,0,3,6,3,85,4,6,0.5287650131209104,308.74760770496863,low_profit,1
CUST100891,68,Male,Divorced,4,Bachelor,Retired,74287.21060162998,Owner,17,4,30299.277492519523,10128.13992137104,11,0.9226978761975771,0.0759164162127221,9,258.412944877242,624.5133803428079,5,4,53214.31469645609,0.2548457750374853,0,8,10,3,99,2,2,0.0724789814861288,241.91406244991964,low_profit,1
CUST100892,65,Male,Married,2,College,Self-Employed,110806.41400241017,Renter,5,2,6514.073906247776,24146.29082049446,5,0.8579752612759249,0.1763679102632745,3,142.851839366167,789.8511704551564,4,3,0.0,0.0,0,3,0,2,59,4,10,0.4156852178605995,285.37630668308253,low_profit,1
CUST100893,68,Male,Single,4,Bachelor,Self-Employed,118000.79243143072,Other,27,3,7567.507986617876,29769.6982384671,49,0.7532632394326232,0.5061319616483119,0,160.943534454433,809.4798502227325,1,5,0.0,0.0,0,15,14,2,16,4,5,0.18832364673575,-394.1783633769942,loss,0
CUST100894,22,Female,Married,2,High School,Self-Employed,20329.576959501137,Owner,17,3,9090.649383340571,43332.557669137816,7,0.1633695227055774,0.0300148724277453,8,304.82634037711074,654.4801095183841,6,2,0.0,0.0,0,10,5,1,51,2,9,0.994016283402726,-49.79919874670722,loss,0
CUST100895,47,Male,Married,0,College,Unemployed,76530.51180678899,Renter,18,1,0.0,23983.48087935403,28,0.2044111779169344,0.0,0,43.89191746304715,718.6990209724664,4,3,45572.66801553512,0.4542081499933675,0,2,3,3,200,4,6,0.9328146786673746,-653.787769600346,loss,0
CUST100896,19,Female,Widowed,1,Master,Unemployed,65408.84641510333,Renter,7,1,0.0,474.7491199644137,23,0.277994011653624,0.6611148865373631,5,151.17885016735588,636.6727295289727,2,1,40323.98968131107,0.8021679470040627,0,17,8,3,43,2,1,0.2167848219786079,274.0063231072521,low_profit,1
CUST100897,34,Male,Married,4,Bachelor,Retired,22665.40650333403,Owner,30,5,9498.2721372651,15848.954294117872,95,0.797163270409418,0.1922419390846578,0,143.53986555791536,627.978797899321,2,5,0.0,0.0,0,9,1,2,14,4,7,0.9162918242165854,-295.2334696586735,loss,0
CUST100898,51,Female,Single,3,Master,Unemployed,15764.919388552931,Renter,13,1,14468.075665118704,31100.058720667494,80,0.7866597386628735,0.3844869945802879,9,345.7897141779643,653.3811388053778,4,0,13279.606578825173,0.6575127810334656,0,20,7,3,39,4,3,0.3394783996476921,33.366820563880054,low_profit,1
CUST100899,26,Male,Married,2,PhD,Employed,49260.286967599925,Other,25,3,0.0,12188.623788179711,50,0.3942029234636534,0.0,8,273.48428577170176,833.9326589479999,8,5,0.0,0.0,0,7,15,1,160,2,8,0.5734034237967504,-136.28192812636345,loss,0
CUST100900,27,Male,Single,1,High School,Employed,92063.76964182877,Owner,3,5,0.0,8231.775286543085,59,0.966010261427706,0.8121005918711368,0,69.33112290877135,850.0,8,3,46848.148667189584,0.6514746212834699,0,19,1,0,116,1,8,0.2913480452715303,-355.4484106746027,loss,0
CUST100901,22,Male,Married,2,High School,Unemployed,72970.5814260102,Other,11,2,0.0,0.0,77,0.3183394352735478,0.0356888426977897,1,64.47261524290452,702.1092747850587,2,3,0.0,0.0,0,8,7,1,142,4,3,0.1635497735549808,-342.7871830912825,loss,0
CUST100902,64,Female,Married,1,High School,Retired,27760.16881701411,Owner,12,3,0.0,47063.30612826384,88,0.8109088708510479,0.3494961095280209,9,380.6163345139017,699.0335578686653,3,1,137896.39730706514,0.6961217186694695,0,0,6,1,74,3,5,0.4428186183959922,711.2798523831934,medium_profit,1
CUST100903,20,Female,Widowed,4,PhD,Unemployed,46204.22213054579,Owner,8,4,703.650214724913,3977.814672173096,3,0.8044394863114513,0.214203856525516,0,122.76993346678697,796.4769894302445,6,4,179998.7372262134,0.7920610336173336,0,2,10,1,174,4,8,0.2573786573403629,-634.4805420882378,loss,0
CUST100904,41,Female,Widowed,5,College,Self-Employed,92494.35637982204,Other,23,3,0.0,47962.34648244695,54,0.2331714575589258,0.2264430946857889,2,158.64863778098447,770.2533313933856,5,1,0.0,0.0,0,11,4,0,107,1,7,0.3492896820808719,815.7316796615999,medium_profit,1
CUST100905,28,Male,Married,0,Bachelor,Self-Employed,16050.757616853334,Owner,18,3,0.0,10038.107444619294,15,0.0713358694507204,0.0,6,193.4289310932529,709.4527567588468,5,2,230608.9117836961,1.0,0,18,12,1,111,2,8,0.6683750653281922,-175.27668653674027,loss,0
CUST100906,37,Female,Married,4,Bachelor,Self-Employed,93500.43825202566,Owner,13,4,7320.946379285372,39977.663895364254,10,0.3352244992795983,0.2315702697745522,4,130.35366408404937,719.5076925422602,10,4,103747.87046064284,0.4843080542247337,0,6,6,0,57,5,1,0.0436093902037393,-47.03052515868479,loss,0
CUST100907,46,Male,Single,5,High School,Self-Employed,58247.09643007536,Owner,3,2,13264.033173305246,8679.356567446386,10,0.3721131961731857,0.2896915582784696,4,302.79377641675626,850.0,1,5,166406.01525859375,0.869835809777741,0,4,13,3,137,4,7,0.2979542530598453,-557.7692221813794,loss,0
CUST100908,19,Male,Single,4,Bachelor,Unemployed,69629.92691058069,Other,17,1,15022.361667029254,61205.11059061861,50,0.3093038871051505,0.0,4,297.4373985283572,568.4558692950154,10,0,180944.4101402648,0.5446221288462393,1,12,5,3,113,5,8,0.2445519554012142,-409.1055767726997,loss,0
CUST100909,58,Female,Widowed,5,Master,Unemployed,22375.170390131883,Renter,23,3,0.0,1952.6143315235024,100,0.7453557857778068,0.7182188545464954,9,290.0412323975723,697.7563948019426,4,5,44204.945823728245,0.7176153350335663,0,19,4,3,37,2,2,0.1933079375551769,-491.76853213657046,loss,0
CUST100910,20,Female,Single,0,Bachelor,Self-Employed,88376.64469663918,Other,8,5,15736.219439075716,17383.088984182872,28,0.7958376852615195,0.2404266390086277,1,124.9335551623968,776.9031655442276,8,4,0.0,0.0,0,3,2,3,157,4,3,0.825382350089784,-455.6779128097869,loss,0
CUST100911,70,Female,Single,5,College,Self-Employed,71962.91293274442,Owner,23,5,12851.850823103763,0.0,3,0.0570130588065099,0.442949129977789,6,179.5222542590601,676.6275942148275,2,5,120745.77108643812,0.7553863384709657,1,0,11,1,191,2,9,0.3366605579360707,-498.2250830903242,loss,0
CUST100912,68,Male,Single,0,Bachelor,Employed,100603.60942863607,Renter,25,2,18465.716626102963,58873.40638332477,35,0.2442717916242474,0.3582757969631892,8,381.8982192930008,703.2185087036839,0,2,137281.70831783343,0.7464161902866044,0,5,13,1,168,5,10,0.0624477644237971,1013.7790316841456,high_profit,1
CUST100913,75,Female,Widowed,1,Master,Retired,72144.70226424804,Owner,27,2,4649.035332154056,12921.34183079888,23,0.843836438326612,0.55809214827527,3,201.78075662288947,705.5199242530089,6,5,254870.82576988504,0.2749015459600334,0,6,6,3,104,1,9,0.336222489438949,-367.5608337579292,loss,0
CUST100914,32,Female,Married,3,Master,Employed,60979.16510072614,Owner,13,5,16373.81097628914,37989.3874520437,40,0.9651322422696016,0.3620945508361503,1,39.885323254062655,587.2736207445853,2,5,0.0,0.0,0,5,6,1,183,5,3,0.0991493513660646,-96.73303574447976,loss,0
CUST100915,83,Male,Divorced,1,Master,Employed,19076.82018544925,Other,15,3,0.0,40018.34658171715,91,0.9378955793697672,0.1035351455446448,0,179.1306100521661,850.0,7,3,172393.63442378902,0.2857160003323399,0,1,13,2,148,2,1,0.6348040617917027,-670.6688492946333,loss,0
CUST100916,84,Male,Divorced,1,High School,Self-Employed,0.0,Renter,19,4,0.0,45327.76953144799,53,0.1167788837898098,0.2172210115450286,8,326.052142998881,746.0797243615967,9,3,0.0,0.0,0,17,7,2,89,4,3,0.7344242384698758,-276.5649253196759,loss,0
CUST100917,20,Male,Widowed,3,Bachelor,Retired,43346.7231621495,Other,12,2,5121.696822829052,28142.509972138945,79,0.8698776092670997,0.0456902958215432,9,327.3221318663108,584.6915668260218,7,1,146779.4469003426,0.6797984315003391,0,16,5,2,83,2,10,0.2728287180599754,551.6982407657389,medium_profit,1
CUST100918,73,Male,Widowed,5,Bachelor,Self-Employed,69739.74706507556,Other,27,5,6429.906348092165,0.0,3,0.4450518061825415,0.245926660647766,10,450.4843878577683,697.2615679596256,6,3,245310.71982725745,0.7373913264197355,0,9,2,3,146,5,7,0.4844312147914892,708.8188908308482,medium_profit,1
CUST100919,18,Female,Divorced,5,Master,Unemployed,77926.13117684185,Other,11,5,0.0,32342.48432299703,74,0.2842266291799254,0.3472447292528466,4,204.82250658312876,606.0844430229319,9,4,11561.262340707886,0.5588466012645655,0,3,13,3,62,3,8,0.5189875509122304,-140.62117118312102,loss,0
CUST100920,61,Male,Widowed,5,PhD,Employed,0.0,Renter,9,5,17058.184207160433,11264.095300812343,69,0.0279543792100331,0.0255841625460771,4,271.10853166416774,817.9942130038464,2,5,123189.80692343813,0.850903740476238,0,12,0,2,43,1,1,0.1640263974552719,-149.60059341114416,loss,0
CUST100921,35,Female,Single,3,Master,Unemployed,121795.35005212206,Other,19,1,10587.238369444854,26870.45247753683,3,0.8398672829893544,0.3685852754642685,2,222.1239557953578,824.3469128345963,5,4,0.0,0.0,0,7,0,1,170,1,6,0.4824676089370344,-120.94744773841654,loss,0
CUST100922,48,Female,Divorced,5,High School,Unemployed,50731.19956206278,Renter,27,2,0.0,32761.568168350936,2,0.149377323131668,0.0,7,413.2209096736024,705.3059312932619,0,0,136528.97561352496,0.5046247078712328,0,11,12,3,26,5,10,0.3558909643072583,1041.42980111941,high_profit,1
CUST100923,44,Male,Divorced,3,Bachelor,Employed,16184.973017445363,Other,8,5,16912.606816318323,43502.74112813841,25,0.8254680219164111,0.0,8,432.63784695922686,850.0,4,3,43625.471449603385,0.4245031955688736,0,1,15,0,167,1,9,0.4721040886789223,244.605473006774,low_profit,1
CUST100924,71,Male,Single,0,College,Retired,53399.45917020978,Renter,28,1,3725.9312761004026,32052.91057079329,7,0.2309261953188726,0.2404407687552079,4,305.90643233359424,763.3225310115093,2,4,11237.016733675366,0.2130071765519057,0,1,12,3,70,3,7,0.5586260922430969,-210.3608282256648,loss,0
CUST100925,69,Female,Married,2,High School,Retired,0.0,Owner,25,2,8537.706308913896,10413.995394347294,15,0.3236072801810591,0.3326720709831601,5,242.8016834282604,831.4074981524604,7,1,0.0,0.0,0,13,5,1,46,1,10,0.007914396612236,1051.849863002844,high_profit,1
CUST100926,48,Male,Divorced,3,High School,Unemployed,46998.3129994154,Renter,9,4,22531.94802065585,22696.94773603573,50,0.3035739924101818,0.1319014028986617,4,192.5254326007648,768.7238450395289,9,1,6421.027037636406,0.4317100971741983,0,10,5,0,59,5,4,0.3125398159482079,618.3248278984352,medium_profit,1
CUST100927,80,Male,Married,2,Bachelor,Unemployed,58661.80403450996,Owner,3,2,18421.80131244854,0.0,90,0.8288994719226118,0.3046161317900841,9,378.2765582213294,762.4903594654043,6,1,69344.8574991796,0.8619730338867069,0,2,2,3,60,2,8,0.4946534794349442,448.1785828356333,low_profit,1
CUST100928,72,Female,Married,4,Bachelor,Unemployed,54463.45673442165,Other,21,3,10923.295470133433,31986.27629902699,71,0.3247240123970001,0.2219182523439057,2,122.74388661559,751.6144039586379,10,2,0.0,0.0,0,10,3,3,29,5,6,0.4892535386103643,-11.188946956367346,loss,0
CUST100929,28,Female,Single,0,Bachelor,Employed,44160.17934703159,Other,27,1,18530.691601664075,0.0,47,0.3085138246363873,0.3791197669525885,1,118.4048669482293,703.4271814200222,4,3,0.0,0.0,0,11,6,2,197,2,5,0.4383604070085661,185.9440306514597,low_profit,1
CUST100930,85,Female,Single,3,High School,Unemployed,74272.55975494596,Other,9,5,10896.392313574,0.0,59,0.1994387973841835,0.5732778823708877,4,254.503129696004,626.226329531516,0,2,118656.77467531762,0.7482147561364572,0,16,0,1,49,1,9,0.2177732394731438,302.47749886199944,low_profit,1
CUST100931,28,Male,Married,1,PhD,Self-Employed,79813.79857054651,Renter,29,1,1145.067590876418,0.0,66,0.4744342677744299,0.5335483851055558,8,433.5869675630953,622.4955036983761,8,0,0.0,0.0,0,5,15,3,50,1,5,0.8272099238250549,357.08398243129835,low_profit,1
CUST100932,73,Male,Divorced,5,High School,Unemployed,68167.10175982164,Owner,3,4,4427.295891778977,40961.338494143405,89,0.3057295635982878,0.0321021266942682,5,209.1279902932132,625.7613629569265,5,5,38400.29276784664,0.9795774585317412,0,16,1,0,131,5,2,0.3562404470507485,-690.0417213195115,loss,0
CUST100933,79,Male,Divorced,2,Master,Retired,92556.66790984894,Owner,23,4,5385.551687843177,20326.82725124863,57,0.7423067568160585,0.2506551151771118,2,141.347895517584,683.1580287971119,1,2,110364.57389607384,0.8749222535153109,0,12,4,2,96,4,5,0.9716687866004944,7.717373421313539,low_profit,1
CUST100934,61,Male,Single,5,High School,Employed,95612.33036225266,Owner,17,5,0.0,21707.389823719383,71,0.340284328756411,0.1551394931584666,3,198.58152629206347,731.4444590874853,3,5,14104.161482058626,0.7459545874068391,0,5,3,0,138,5,7,0.6635711231981756,-443.7920472712598,loss,0
CUST100935,55,Female,Married,5,Bachelor,Retired,61290.92919963844,Renter,23,5,11868.579110122562,0.0,100,0.5167028032060027,0.7243262614660406,9,472.7862335175215,671.6848115120124,10,4,0.0,0.0,0,18,11,3,43,5,6,0.8238852156335884,-143.87508318182572,loss,0
CUST100936,80,Female,Divorced,4,College,Employed,61003.304039194525,Other,1,2,4181.05620427507,49823.82225853333,19,0.071457106181289,0.4494889942854111,9,374.4110978964125,729.7876191023845,10,5,95015.56339466476,0.5791283101123826,0,2,4,2,135,5,4,0.639297750655084,-420.515179458424,loss,0
CUST100937,75,Male,Widowed,0,Bachelor,Unemployed,15624.119449267004,Renter,29,3,6396.516742158966,31300.4926237756,13,0.7899075617333939,0.4626560812129185,3,239.87350813791096,615.6146122575101,2,4,0.0,0.0,0,16,3,0,46,2,1,0.2099200451982252,84.83254305088326,low_profit,1
CUST100938,82,Female,Widowed,4,High School,Employed,68436.91476655813,Other,7,5,19895.99409447649,4592.759073498277,63,0.834292155048032,0.5309387533433441,1,211.0381413010096,850.0,9,0,12223.511247752293,0.3418115561013551,0,0,5,0,113,4,10,0.0469940779388436,1307.5030257130013,high_profit,1
CUST100939,58,Male,Widowed,3,PhD,Self-Employed,60420.14902114142,Owner,26,3,10637.878750069149,18172.105403239053,12,0.628004132427714,0.6110397068294684,10,382.226610050675,588.5467684991938,0,5,0.0,0.0,0,0,10,1,32,4,1,0.7461288030774385,53.68201739194359,low_profit,1
CUST100940,33,Male,Married,4,High School,Employed,0.0,Owner,30,5,2958.7023112728384,92353.62258416094,17,0.8528312785439583,0.2975912894080137,7,325.7798255431353,587.923234930375,5,2,44260.25362132063,0.5898398422760933,0,13,1,0,176,5,6,0.8263517807052395,493.9079694865957,low_profit,1
CUST100941,30,Male,Single,2,Bachelor,Employed,79867.88946478859,Owner,9,2,0.0,63750.96110473587,92,0.4610385388626461,0.3490228568745235,6,222.83093318998695,772.6794046401803,8,3,0.0,0.0,0,12,4,3,20,2,6,0.5096570009039676,-284.85325039810147,loss,0
CUST100942,69,Male,Married,2,College,Employed,52288.42773560806,Other,0,3,7775.525134935317,11337.878456257817,70,0.3217571226911823,0.1006136747195746,6,281.9946778798726,768.8205306452883,4,3,5639.316979261406,0.4292353824991245,0,2,10,3,96,2,10,0.4873434124000356,-392.5147662912369,loss,0
CUST100943,41,Female,Divorced,0,High School,Retired,80968.59215152264,Renter,7,4,0.0,27646.90136795672,87,0.6134443211748252,0.3030055500574194,10,365.0140126499133,508.2651113989701,3,3,0.0,0.0,0,14,0,1,139,5,7,0.9967684653826752,-295.1460500403889,loss,0
CUST100944,66,Female,Single,2,College,Unemployed,37889.11916541909,Owner,16,1,15567.249112804184,49336.14208501088,49,0.807237932494934,0.4438337332710874,4,243.70659626477607,850.0,6,0,41691.06722568169,0.7297763851807678,1,3,14,2,162,2,6,0.5354132121219664,-546.6461036939104,loss,0
CUST100945,56,Female,Divorced,0,Bachelor,Employed,133571.0973860617,Owner,6,5,24836.336524360195,30237.60869035584,70,0.0012224177671142,0.3773172459810384,7,245.2635570450968,835.9297599364805,2,3,35286.04951858931,0.468675185840059,0,13,4,0,67,3,5,0.4532876395885589,573.7155153254595,medium_profit,1
CUST100946,85,Male,Divorced,1,High School,Retired,62353.177382510105,Other,25,1,6829.944496452604,13314.573138640691,54,0.4952971071163708,0.0,4,299.91962204676423,723.6142409879101,10,4,140496.20414941997,0.5548386501847916,0,0,5,1,129,5,5,0.9384844795887626,146.91535347571852,low_profit,1
CUST100947,83,Female,Divorced,2,Bachelor,Employed,38882.51023753367,Other,7,3,0.0,28655.39385607737,69,0.7486166051980603,0.2834814849297419,7,282.69693079491896,776.9968731335223,7,2,0.0,0.0,0,0,13,0,27,4,5,0.7756596633854753,182.36845670269463,low_profit,1
CUST100948,22,Male,Divorced,1,PhD,Employed,119007.5088752476,Other,15,2,4608.559730316581,54994.20840368637,71,0.4698932799934406,0.0887005858749479,10,517.1014051013311,807.5221541181916,3,5,154727.64085594626,0.7726874560379757,0,12,9,3,115,1,5,0.0942930894534898,-291.97905391789334,loss,0
CUST100949,19,Male,Single,2,College,Retired,0.0,Owner,5,5,0.0,17481.67964630796,17,0.3958980003985781,0.1043490123879045,5,171.59711817915667,712.2243004547066,0,2,8103.655447876532,0.4350775980469956,0,5,7,0,156,1,6,0.4502102469043827,-205.26803492259864,loss,0
CUST100950,35,Male,Divorced,2,High School,Employed,38534.610435443145,Owner,22,4,16214.992118499284,16779.498907450117,89,0.5915651383911494,0.1970122587133455,4,147.00648646439055,654.3302384976754,4,2,83899.35138094197,0.6912498977057066,0,7,2,0,159,4,10,0.3095663793294927,241.12644175644076,low_profit,1
CUST100951,36,Male,Divorced,4,Master,Employed,90649.05641482824,Other,23,5,19363.68034243754,8996.269252766611,61,0.1510233562023103,0.105540351053033,6,382.087845221206,654.9746612221728,9,3,0.0,0.0,0,5,11,0,126,3,3,0.1855221710325226,897.034797757845,medium_profit,1
CUST100952,19,Female,Married,1,Master,Employed,1604.2414092340696,Owner,17,5,0.0,60783.94400349815,7,0.0354460343153693,0.1143560065303964,4,201.62710786519176,824.3428278102925,6,1,85533.81955901367,0.2381464570823483,0,0,4,3,114,2,1,0.9342501158264804,23.17213040442688,low_profit,1
CUST100953,37,Male,Single,4,Bachelor,Self-Employed,56469.9809342144,Renter,28,4,445.3294375025953,34899.14186344008,93,0.1355419536685826,0.3949266971133584,9,339.2892192257992,770.759182197462,8,4,167825.28475480023,0.6816271825556712,1,10,14,3,154,3,1,0.0599324933870113,-1445.4272755407126,loss,0
CUST100954,81,Male,Married,2,PhD,Employed,45790.63627046427,Owner,25,4,34430.48335268621,44489.82120763455,28,0.6153359373024041,0.7738574601622994,1,182.6335355970845,839.5434082199185,10,3,74180.20715557486,0.6602814139562234,0,2,3,1,138,4,10,0.041256448203656,1224.089606844076,high_profit,1
CUST100955,83,Female,Single,5,Master,Retired,7865.861524605018,Owner,5,1,5180.472524682243,54213.49105084394,4,0.8042649762602703,0.1800720010357592,4,297.0583994447782,741.1952999061809,4,5,135159.10458931973,0.4180639121375049,0,3,15,0,145,2,9,0.8077430799067765,-780.598401359093,loss,0
CUST100956,26,Female,Single,3,Bachelor,Unemployed,29462.655285685225,Owner,13,1,0.0,4247.894326938778,19,0.8250525610564864,0.1199103077243946,4,269.02912572330126,841.9455680797839,2,1,0.0,0.0,0,2,12,0,36,3,3,0.2146738313985577,346.4467091218455,low_profit,1
CUST100957,52,Male,Married,5,High School,Unemployed,44913.93738987133,Renter,23,4,16788.65937036939,56223.24593207233,61,0.8833019299827107,0.4728139964277894,6,228.67026981887835,730.6134553102755,2,3,26894.046315910145,0.36162505916175,0,11,10,0,57,2,8,0.4089752888597756,898.5755264106892,medium_profit,1
CUST100958,77,Female,Single,5,College,Unemployed,37209.8094674234,Renter,26,3,11636.463470328414,51191.31145246794,75,0.5400498982575206,0.1889439006189341,1,55.1052966827474,803.8012527315963,1,4,126421.32033388554,0.9455927670763532,0,10,2,1,110,5,7,0.993367722313464,-360.50877888533535,loss,0
CUST100959,54,Female,Divorced,3,PhD,Retired,21424.079481608554,Other,21,4,0.0,34177.07085068664,17,0.2138939087361765,0.3116425454170113,6,391.5185565163312,660.6562103725449,8,4,0.0,0.0,0,14,8,0,130,2,8,0.8208643768530278,-63.39295320275285,loss,0
CUST100960,29,Male,Single,3,Bachelor,Self-Employed,119170.334372466,Owner,13,3,9642.512381230035,42182.71038107027,6,0.0503519058500522,0.4144890612310203,9,444.1461937216391,739.70466698824,3,3,143166.5966868095,0.6790747362371332,0,20,4,1,83,2,5,0.5403324385659062,-1.534877494902453,loss,0
CUST100961,83,Female,Divorced,3,High School,Self-Employed,36120.33269973738,Owner,7,5,2510.263447193248,36282.58992901332,68,0.4102184274685466,0.2367834077754053,4,146.8745794175777,731.4338683131431,0,1,93915.01337004176,0.7666358862540363,0,5,6,3,175,2,1,0.3592796169419763,175.11936635798804,low_profit,1
CUST100962,60,Male,Married,1,High School,Employed,62340.222554365726,Owner,0,5,0.0,23097.9180636162,67,0.3769033644249052,0.3088125134813199,4,328.5638555082225,516.423124382291,7,1,188866.4520102482,0.6284755825020932,0,19,0,0,132,5,10,0.7681179477136203,228.11567112183516,low_profit,1
CUST100963,29,Male,Divorced,0,Master,Employed,100965.79387578796,Owner,18,1,0.0,41480.8386176806,50,0.5677174087834996,0.2780271753796128,10,312.2462012604828,681.5913132984081,10,3,0.0,0.0,0,14,14,0,99,1,9,0.7951567078609411,128.7542839431058,low_profit,1
CUST100964,61,Female,Single,4,Master,Retired,48734.99879773287,Renter,12,2,11994.64246895702,0.0,6,0.0506621973444346,0.5359977059379573,9,492.9223754525294,805.2211155957059,8,2,59743.41102973031,0.5546115067724151,0,7,13,0,24,2,8,0.0824819350955569,820.3092572043377,medium_profit,1
CUST100965,30,Male,Divorced,0,PhD,Unemployed,128663.71982640868,Other,8,3,0.0,45640.54775148256,65,0.1415216234268961,0.1176765395692194,9,373.46593158284776,698.0081603700269,0,1,25211.98809213369,0.5143363484404488,0,0,2,2,52,3,4,0.2777340889936159,426.1695811019026,low_profit,1
CUST100966,70,Male,Widowed,2,Master,Unemployed,25974.865641666285,Renter,18,3,15291.80436127967,0.0,52,0.4319424364091213,0.4079529025656684,2,83.42038685668562,667.3464147465429,8,1,0.0,0.0,0,20,0,1,180,5,2,0.6887183301672013,171.34884876008388,low_profit,1
CUST100967,37,Male,Married,4,Master,Unemployed,13291.46739880566,Owner,4,4,5397.138217196347,1542.4618437689132,19,0.0336806962704542,0.3922544168635662,5,164.04541465445055,607.5642666369624,4,5,4900.59829706906,0.6587898775886324,0,4,14,1,91,2,7,0.3115730372054086,-760.0152945739684,loss,0
CUST100968,46,Female,Widowed,0,High School,Unemployed,58261.08000995092,Owner,5,5,0.0,42617.51207192311,13,0.9924903569488936,0.6529827611101543,8,386.3655149296152,850.0,5,0,59116.81466664391,0.7576408281594373,0,13,2,1,161,3,6,0.5644608141325334,81.27105329180154,low_profit,1
CUST100969,54,Female,Single,0,High School,Retired,105082.02978916765,Other,5,2,12762.28504724106,20321.331100975334,8,0.2645021783297548,0.5474361600578018,6,168.46250704515194,674.5523923354658,8,1,4197.481698544347,0.6950669850854982,0,14,2,0,22,2,4,0.983609191358682,-215.68525786626387,loss,0
CUST100970,34,Female,Single,2,High School,Self-Employed,90648.74293199844,Owner,20,3,0.0,8998.904203536276,69,0.7153301266898309,0.1180620423183331,0,85.87664430622188,775.9500037516123,5,1,0.0,0.0,0,8,9,3,185,1,5,0.6550915627010491,-330.619550985738,loss,0
CUST100971,36,Female,Widowed,1,Bachelor,Retired,41829.60000192606,Owner,3,5,4679.576293195131,6380.550326712288,12,0.3328962939724164,0.0696637781931312,0,143.83569917607556,850.0,10,1,0.0,0.0,0,9,15,1,66,2,6,0.5583342683397421,-59.51878288256816,loss,0
CUST100972,71,Male,Widowed,3,PhD,Self-Employed,48982.88997602143,Owner,30,3,786.431922295581,42426.93479938204,97,0.1015567835379633,0.4896285900944099,10,354.3912210780435,669.4045568468408,2,3,0.0,0.0,0,0,12,3,180,4,6,0.931882312139794,168.0496389998603,low_profit,1
CUST100973,69,Male,Married,2,High School,Retired,57139.76726409952,Renter,27,5,22303.218148571686,0.0,57,0.5106367234606984,0.339080644256664,4,190.29463886918728,850.0,7,0,14673.58645618418,0.5549013153330727,0,18,1,1,92,1,1,0.4127809477967561,1066.2106335244102,high_profit,1
CUST100974,31,Female,Widowed,2,College,Self-Employed,43236.12543345128,Owner,10,3,1879.2806794726712,23243.698116171938,27,0.3075995300236908,0.1745158531147253,4,304.78335503157365,822.885655020056,6,4,96107.80322964353,0.6501256464206604,0,3,4,0,86,4,5,0.604601247148624,-59.98132814181025,loss,0
CUST100975,63,Male,Divorced,2,PhD,Self-Employed,52069.325003896,Owner,12,3,0.0,17947.513907708853,37,0.6428180919465447,0.3003566082209217,1,52.87921909506149,594.0788291627098,9,3,0.0,0.0,0,17,2,1,118,2,1,0.8571745281568922,-886.8620483537754,loss,0
CUST100976,72,Male,Divorced,1,Bachelor,Unemployed,123736.68689487042,Other,27,5,0.0,26407.605571887336,23,0.7240156536159879,0.6451387585629542,8,358.6826719526376,712.1844464132454,6,4,125341.74734210929,0.6199652630199536,1,12,12,2,198,1,6,0.8467422433073787,-1344.4184390494777,loss,0
CUST100977,30,Male,Married,0,College,Unemployed,0.0,Renter,6,3,7054.556870363029,14487.867907952175,11,0.8021472299561454,0.1399329187669392,2,60.804210610364144,650.1012744020888,6,0,224486.14066234932,1.0,0,16,13,0,61,4,3,0.1004801147694137,275.0968781385981,low_profit,1
CUST100978,82,Female,Single,0,College,Self-Employed,46056.98328264817,Owner,22,2,0.0,39370.80323092138,14,0.5946745011711255,0.6565811200130288,8,390.8252859730743,675.2659612974843,0,0,0.0,0.0,0,8,1,0,53,3,8,0.8132913866398963,874.246510298879,medium_profit,1
CUST100979,48,Male,Widowed,5,High School,Retired,89561.99134350149,Other,17,4,0.0,33529.68367325906,6,0.7806742843182013,0.3902452032272198,1,185.3803406200868,692.6892697991061,2,2,0.0,0.0,0,19,1,2,25,5,5,0.8454010037942432,-54.57072522082228,loss,0
CUST100980,77,Female,Divorced,0,High School,Employed,47898.607620939525,Owner,30,4,0.0,0.0,44,0.2234568770058239,0.552169903999862,8,237.12784902021485,761.6663976471118,7,1,58797.354712916895,0.5119450726298392,0,14,0,3,35,4,10,0.7604527924674607,249.00037756679848,low_profit,1
CUST100981,47,Female,Single,3,High School,Retired,27727.90054675166,Owner,17,5,685.4435544011512,0.0,15,0.7791972355214466,0.1527872693062971,7,274.2421021639627,668.9062483648906,3,5,110988.0047190419,0.5920147073253272,0,18,12,2,123,4,2,0.5354738324729016,-668.0734196626015,loss,0
CUST100982,80,Female,Married,0,Master,Retired,100474.05315340289,Other,27,1,15581.700938241016,39410.19694757114,1,0.18206117896936,0.3023725358361568,4,256.62847805884434,601.9211991586441,8,2,123994.40513793162,0.9359494764443058,0,14,1,0,43,3,5,0.1941546559214781,840.0804299464121,medium_profit,1
CUST100983,35,Male,Widowed,1,College,Employed,117517.77445278368,Renter,18,1,0.0,6916.732304409172,50,0.602464822447968,0.4710403015496525,6,352.4723487520462,726.4290210153251,4,3,181378.2176571808,0.596905671854652,0,0,12,3,174,3,2,0.4369306610505561,-402.0702918261145,loss,0
CUST100984,33,Male,Divorced,5,College,Employed,53592.20273384872,Renter,1,1,0.0,7428.186538059308,53,0.8946491204067453,0.494488799583602,2,58.65026785077554,787.278741446961,0,1,86300.42848060769,0.2557844958079061,0,1,8,1,72,2,2,0.6200027803942083,-444.4396347150577,loss,0
CUST100985,46,Male,Divorced,4,Bachelor,Employed,23250.003340198484,Owner,0,1,16765.332537877654,18325.55732874797,39,0.91287472178889,0.0828504578436901,6,347.939133819051,702.9796165121425,0,2,0.0,0.0,0,1,4,0,94,1,7,0.4762711727596458,640.108983577721,medium_profit,1
CUST100986,64,Female,Divorced,3,College,Self-Employed,37955.67307397428,Other,27,5,0.0,0.0,43,0.2326725446422263,0.2938426995173169,8,207.88527095800725,643.8069886142074,0,0,0.0,0.0,0,8,15,3,66,2,8,0.5055643455703771,750.90406349795,medium_profit,1
CUST100987,72,Male,Divorced,3,College,Unemployed,80017.35442287725,Renter,23,1,4717.821210627702,57286.52488341733,18,0.5460086596789092,0.4325072066797226,1,215.5798029380013,617.7144098481567,5,0,0.0,0.0,0,18,11,3,129,1,6,0.3622805868059198,477.409597061245,low_profit,1
CUST100988,37,Female,Single,5,PhD,Retired,71891.00869402054,Owner,7,4,6697.477679706617,13070.043942621856,3,0.153508285400538,0.4215895134011508,4,265.0344222698383,624.450111686605,5,2,39801.33454063221,0.8893888292773959,0,14,14,1,9,3,2,0.4415429465602757,-252.06333588417576,loss,0
CUST100989,21,Female,Married,0,PhD,Retired,12810.322287814168,Owner,11,4,0.0,49885.97653375247,34,0.7546986986125909,0.3509462274760418,7,340.45257315167225,687.1122621311247,3,3,0.0,0.0,0,1,6,0,124,3,5,0.978700132878653,-79.01518948920193,loss,0
CUST100990,85,Male,Married,3,Bachelor,Employed,34526.8544702933,Renter,16,3,8056.655686425959,15374.90862374086,91,0.4590187495329897,0.1204681229449891,2,90.06598288953832,636.2512565174989,2,2,12459.25535160381,0.5902340328132594,0,12,12,1,115,2,9,0.5161944168351998,104.71990169297396,low_profit,1
CUST100991,56,Male,Widowed,3,Master,Unemployed,0.0,Owner,0,4,0.0,22168.60045287921,84,0.8923679916355531,0.6010124077216661,10,366.3344018422124,591.9997391617868,1,5,66279.66180999126,0.8990060619471675,0,10,6,3,121,4,3,0.3581345349829051,-1245.3265716386948,loss,0
CUST100992,34,Male,Widowed,5,PhD,Retired,71819.25677593207,Other,1,4,0.0,19907.32515421531,86,0.6940826179847832,0.139377833209337,4,307.9058028862179,626.8142691584114,6,4,322191.2147906493,0.7688911744143332,0,5,1,2,199,3,4,0.2597082406731429,-194.78148831717965,loss,0
CUST100993,62,Male,Married,3,College,Retired,74759.80460509489,Other,2,3,0.0,37899.15940646614,77,0.8537544194562139,0.5145859229014693,6,362.3950163812135,614.6600525960889,5,1,146532.66671611264,0.7408672419708158,0,10,13,3,14,4,9,0.595378755642741,259.87345212767184,low_profit,1
CUST100994,77,Female,Divorced,2,Bachelor,Self-Employed,47466.50962459143,Renter,27,1,0.0,22767.437812549088,76,0.7044637043971942,0.5871141986327246,0,156.2512629135977,517.1594119158037,4,1,0.0,0.0,0,15,6,3,191,2,8,0.7286427185404453,2.275469054289061,low_profit,1
CUST100995,41,Male,Married,1,College,Retired,46722.32121677532,Owner,3,1,5077.278931756847,48906.235424717306,60,0.8301322934850434,0.1894861307762295,10,423.88599641888607,512.6994169069379,1,3,254448.1557199944,0.4005543425122447,0,5,1,2,40,5,9,0.3719489135892692,-280.62798492625586,loss,0
CUST100996,54,Female,Widowed,4,PhD,Self-Employed,93111.6004116779,Owner,11,2,1155.1087895848204,28732.202959303784,14,0.8355456994833889,0.3965580248120636,9,342.610554471279,808.3583103109995,2,1,16653.930681822807,0.90399040118286,1,5,13,0,24,3,3,0.6786082640105535,-1247.6397710775846,loss,0
CUST100997,52,Female,Single,0,Master,Employed,82793.61710859231,Owner,14,4,0.0,57445.42633215983,98,0.0193268054842289,0.328408895766109,3,115.26371680160004,632.7094667990598,3,3,116284.10930216326,0.7786376694414503,0,1,10,0,8,3,10,0.198284508352567,377.2939043056365,low_profit,1
CUST100998,41,Female,Widowed,1,Bachelor,Unemployed,29109.112811008188,Renter,18,2,159.82876377915272,29918.5432575713,15,0.863025499942451,0.2917480694699879,7,241.92108941024577,774.9745475438348,7,3,0.0,0.0,0,17,0,1,144,1,7,0.7562320823194686,-257.0238527521966,loss,0
CUST100999,59,Female,Single,1,Bachelor,Unemployed,51300.5593669008,Owner,22,5,0.0,15150.264444608008,29,0.7381601006143634,0.2570924670964072,3,218.9594839920197,339.89148955404823,7,1,0.0,0.0,0,2,5,0,99,2,6,0.6522174034100622,443.9883767246307,low_profit,1
